-1.866778
-1.937623
-2.188998
-2.424290
-2.766225
-3.202662
-3.699187
-4.261038
-4.871406
-5.611796
-5.615230
-5.602487
-5.618677
-5.527382
-5.492256
-5.489708
-5.485254
-5.350982
-6.011022
-5.933033
-5.871469
-5.801326
-5.632540
-5.564034
-5.497381
-5.439554
-5.352483
-5.195277
-5.893599
-5.752571
-5.618855
-5.548686
-5.484127
-5.397817
-5.303541
-5.812618
-5.737593
-5.675892
-5.609139
-5.525331
-5.419489
-6.070041
-6.050146
-5.988503
-5.884731
-5.797439
-5.714782
-6.334159
-6.231844
-6.163386
-6.163330
-6.190086
-6.150547
-6.861544
-6.758735
-6.751793
-6.656890
-6.633859
-6.549765
-6.417382
-7.321564
-7.325778
-7.236906
-7.090281
-6.922683
-6.798032
-7.912632
-7.896956
-7.793069
-7.740317
-7.628782
-7.504827
-8.873055
-8.836093
-8.663719
-8.682733
-8.722623
-8.695070
-10.588754
-10.421420
-10.182635
-10.067109
-9.987551
-10.055644
-12.497890
-12.379326
-12.316727
-12.069904
-15.472013
-15.524755
-15.603292
-15.370422
-15.418531
-15.873343
-21.242702
-20.466141
-20.994110
-20.255699
-30.929358
-30.819674
-30.919060
-30.279924
-28.854849
-29.241835
-58.030682
-62.974308
-65.884483
-55.852821
-55.116688
-55.155056
-349.085968
-347.066559
-232.435852
-174.914352
-129.628876
-102.591698
-126.608208
140.975830
120.579720
246.540024
215.872406
239.584976
45.714882
56.122429
57.849297
81.691498
92.330894
125.868927
48.991596
49.701584
56.500366
53.286060
54.687958
56.756367
43.632736
45.058815
49.177929
63.271702
70.576866
84.092377
46.109680
48.471321
49.595745
47.050831
51.744232
55.335434
36.031288
36.362408
34.927460
36.390278
37.143429
40.461559
28.889021
27.712025
27.201923
26.995937
26.596268
25.748404
21.089312
20.076170
17.017052
16.394489
15.553526
12.904328
12.645164
12.373998
12.316725
10.866629
10.682240
10.671503
10.536962
10.547071
10.381433
9.597219
9.589345
9.590746
9.544421
9.482818
8.929111
8.863349
8.967370
8.947084
8.505366
8.582209
8.622971
8.590449
8.332767
8.466275
8.482828
8.785095
8.516322
8.456841
8.449459
8.553102
8.993335
8.477798
8.569936
8.593455
8.706431
8.874253
8.923286
9.113626
9.054999
9.272098
9.472773
9.321064
9.559442
9.659441
10.026854
10.387915
9.782213
10.036047
10.466542
10.858985
10.499394
10.721447
10.919739
11.439816
12.327139
12.017398
12.962278
13.897338
13.735793
14.902521
16.288609
16.081179
17.594202
19.716627
19.196020
20.227619
22.214382
25.367947
23.119331
24.621380
28.266697
30.012350
28.887117
32.771198
37.707474
45.540882
42.216656
51.762806
63.498405
43.745590
50.479454
58.134235
59.431156
45.618206
53.993999
57.099838
80.645790
51.218990
63.157764
85.988983
49.670227
59.406670
65.047211
69.044533
50.705692
69.231964
78.512978
112.023758
68.600441
81.930763
124.893951
70.281326
105.711922
163.214478
80.803436
110.442101
162.407928
72.220360
101.355125
153.566208
87.229843
106.560410
160.435989
317.586182
92.543678
146.628815
147.724533
61.441196
84.072632
109.889359
70.604103
77.829407
198.924759
424.153809
95.330818
117.413376
210.680283
83.567581
132.298859
198.505341
77.724449
80.604446
131.987183
57.985355
64.949654
91.071304
122.020195
49.780525
63.370323
66.388329
48.508293
55.760414
66.687126
48.948589
54.589714
58.870995
45.624043
54.251381
62.037376
48.926388
54.107800
67.285469
81.997292
54.342545
59.259022
79.005821
56.599293
65.833748
74.549812
58.967464
65.772102
78.078773
48.535194
54.239544
59.618469
41.910450
48.270832
61.686012
39.416573
42.211178
49.863007
37.015945
38.555920
44.378910
35.765869
39.586117
41.717392
32.592308
36.683735
41.659721
30.064056
34.580902
37.972401
28.612246
30.662302
34.017971
26.989443
26.648670
29.867426
30.384041
25.161249
27.454227
28.724129
23.136702
24.960121
26.228193
22.417742
22.375727
22.811781
21.638304
22.294971
23.734512
19.091503
21.272844
22.376123
19.319483
20.996321
21.652546
19.403151
20.838892
21.216780
22.284025
19.365040
19.733845
20.726046
19.379333
20.177275
22.192034
19.429314
19.832338
22.692327
21.388456
22.927372
24.981852
24.102926
26.042875
30.587667
27.870989
30.498907
33.702412
41.107677
33.808506
39.893795
56.513386
41.810577
40.306484
44.942928
50.500126
43.413937
51.914688
60.756512
44.161381
53.848873
88.620491
58.090755
67.936646
82.567780
121.673210
87.183014
192.422440
289.286133
119.013412
134.161926
743.823608
94.658157
114.349289
302.501526
78.281235
137.437759
160.503464
376.987549
107.888504
136.005890
222.222580
98.409470
145.521896
454.991333
114.128181
139.877487
310.444946
112.211258
227.053528
583.599182
171.821625
228.143112
-405.652618
267.303955
3537.177979
-447.999176
2083.604736
-661.494263
-165.788452
-636.864685
-310.179138
-128.084106
-479.270416
-164.206848
-102.529648
-172.697586
-106.597038
-76.901039
-116.351738
-78.387260
-70.641350
-57.871387
-89.981880
-69.926247
-117.462639
-86.378662
-63.725174
-111.761658
-92.162338
-57.091858
-94.353661
-70.115265
-53.688919
-72.426018
-64.970146
-48.879208
-58.763435
-62.030579
-44.840603
-58.344948
-42.403183
-37.668896
-50.548573
-39.490524
-60.891201
-51.430111
-39.936798
-63.612167
-52.906982
-39.280235
-60.076096
-48.752224
-41.683140
-53.646210
-44.288666
-36.254097
-59.583591
-52.505520
-39.830971
-63.339420
-61.869850
-44.539246
-82.469757
-68.661308
-45.479496
-86.495422
-53.343731
-43.539101
-32.236332
-46.317268
-39.362072
-33.999611
-43.384129
-36.453739
-27.425533
-33.240097
-27.910290
-24.105618
-25.837049
-21.200001
-17.777456
-19.242233
-15.848407
-12.862069
-12.842997
-10.867847
-9.525926
-8.416306
-7.571363
-7.763282
-7.179619
-6.560791
-6.152744
-5.793153
-6.087944
-5.719122
-5.446498
-5.129843
-5.468930
-5.233726
-4.994872
-4.800551
-5.131326
-4.922075
-4.781484
-4.602902
-4.927785
-4.795544
-4.666532
-4.557317
-4.921808
-4.844798
-4.719866
-4.580240
-5.066828
-4.977424
-4.885364
-5.459697
-5.409675
-5.341386
-5.296874
-6.068787
-5.989628
-5.807586
-6.685992
-6.641504
-6.645653
-7.750463
-7.685001
-7.692536
-9.535120
-9.365637
-9.370162
-11.520907
-11.589776
-11.341680
-14.674328
-14.989245
-14.236278
-20.054375
-20.203587
-34.554573
-34.208420
-34.228352
-33.686142
-87.240227
-93.296104
247.794403
198.862427
175.808594
45.502872
53.299934
49.087059
30.461975
29.853607
29.668785
22.775414
22.900402
21.348293
17.555964
17.177691
16.221714
14.594974
14.104776
11.945858
11.717253
10.763779
9.601920
9.361025
8.296321
7.665659
6.960577
6.193399
5.796661
5.446964
5.161324
4.893722
4.644984
4.494509
4.355222
4.272153
4.176455
4.079587
3.986267
3.966616
3.895248
3.819059
3.809441
3.741099
3.680088
3.699769
3.648855
3.636120
3.681804
3.639120
3.580522
3.665655
3.677858
3.662916
3.764169
3.838390
3.833543
3.933195
3.949719
3.974823
4.072967
4.256612
4.293305
4.370001
4.635409
4.646068
4.853261
4.929054
5.108579
5.418231
5.622806
5.850122
6.248017
6.481046
6.758492
7.120813
7.342209
7.694038
8.176679
8.515289
8.972917
9.569482
9.838242
10.540620
11.434883
11.839842
12.473275
13.546032
14.858139
15.275403
16.260115
18.045382
18.528780
20.998716
22.518787
22.772434
26.483477
35.410919
34.480656
51.576485
67.237198
86.095490
99.147476
249.631760
11480.270508
-1314.317017
-160.548233
-115.163132
-66.862541
-81.254250
-52.152420
-38.954693
-45.892876
-37.813217
-31.397060
-37.279346
-28.964727
-23.272827
-20.659805
-24.725615
-20.454098
-18.749744
-20.297989
-17.959633
-16.528408
-14.234094
-15.510279
-13.971024
-12.555531
-13.181341
-11.563454
-10.625634
-11.315520
-10.117745
-8.986705
-8.143580
-8.210237
-7.177270
-6.424401
-5.947680
-5.584282
-5.733038
-5.413058
-5.044510
-4.757358
-4.520210
-4.777303
-4.660737
-4.487587
-4.323463
-4.151397
-4.482721
-4.288589
-4.112494
-3.977635
-4.300516
-4.183882
-3.998117
-4.373276
-4.244260
-4.147434
-4.029843
-4.362589
-4.285005
-4.205668
-4.117548
-4.472379
-4.450101
-4.394110
-4.803678
-4.758547
-4.716390
-4.689111
-5.221339
-5.262645
-5.198004
-5.851720
-5.856856
-5.885319
-6.585898
-6.621335
-6.658091
-7.672994
-7.629000
-7.336044
-8.711204
-8.655260
-8.375593
-10.210588
-10.208841
-10.072991
-12.774151
-12.551159
-16.460651
-16.219549
-16.643778
-23.174955
-22.575861
-22.687931
-39.266747
-39.379887
-41.596985
-154.114471
-202.941055
-179.535675
125.731644
124.536980
115.008202
41.696419
47.872364
49.697109
30.860682
32.873058
30.107649
23.964251
23.263926
22.529682
19.791237
20.664827
20.637537
16.886841
16.830879
14.522520
13.671456
12.857018
11.414548
11.192776
10.609676
9.701979
9.134809
8.564528
7.381577
6.850147
6.312341
5.838596
5.459585
5.025212
4.783022
4.573269
4.439232
4.284420
4.193102
4.108016
3.962736
3.972745
3.936732
3.821656
3.787618
3.775317
3.728472
3.736393
3.678246
3.671279
3.720666
3.650771
3.644198
3.645098
3.647288
3.620743
3.714821
3.679530
3.675527
3.786651
3.784726
3.782077
3.961383
3.996368
4.023061
4.217475
4.303249
4.374164
4.536506
4.684379
4.764751
5.025133
5.126688
5.250271
5.598182
5.926353
6.112770
6.574588
6.870440
7.372096
8.039248
8.166294
8.658882
9.265696
9.549865
10.538666
11.200031
12.136810
12.405078
13.314651
14.448483
16.172318
18.356367
19.375427
24.257263
27.022951
27.780478
32.877869
44.670151
44.008068
65.553345
125.164299
916.306458
201.064697
-1142.243408
-96.051163
-56.137421
-84.210587
-71.347801
-47.647858
-63.349403
-62.558823
-47.691647
-38.902267
-39.658054
-34.045444
-26.591110
-28.651800
-23.591227
-21.491474
-18.886581
-19.844439
-17.228666
-15.296283
-15.991335
-13.813614
-12.015350
-10.586794
-11.082581
-10.107432
-8.879633
-9.185431
-8.140244
-7.042975
-6.281167
-6.612836
-6.148494
-5.739336
-5.324598
-5.009810
-5.114814
-4.880157
-4.657817
-4.434123
-4.305832
-4.552664
-4.295164
-4.139818
-4.008289
-4.262476
-4.128685
-3.995891
-4.273852
-4.186552
-4.091779
-3.951461
-4.272850
-4.155946
-4.113598
-3.960952
-4.385880
-4.379595
-4.280612
-4.751796
-4.744836
-4.717407
-5.283561
-5.183602
-5.141889
-5.797926
-5.785919
-5.585210
-5.577489
-6.418768
-6.485477
-6.435824
-7.304519
-7.374516
-7.356366
-8.611712
-8.571332
-8.433134
-9.861185
-9.905541
-9.752122
-11.717730
-11.507190
-11.569894
-11.279961
-13.451966
-13.001822
-16.349415
-16.817446
-17.881712
-27.917072
-30.963823
-32.699200
-67.406944
-65.184158
-60.677658
-311.991699
-351.436829
-211.630341
138.429840
132.901947
57.050308
66.543076
64.481300
37.914230
37.590061
39.052868
28.822458
27.208385
27.824564
22.954718
21.530752
23.488567
18.646635
17.596430
18.499809
17.892826
15.315764
15.536510
14.093606
12.196248
11.265615
10.180006
10.047732
9.093068
8.092057
7.527249
6.900999
6.307894
5.802240
5.367322
5.035837
4.813500
4.576772
4.399133
4.245712
4.189426
4.131721
4.038303
3.917068
3.880443
3.806063
3.777990
3.789473
3.778119
3.686166
3.651868
3.684584
3.636985
3.684906
3.621301
3.594909
3.649301
3.669198
3.705526
3.808150
3.780391
3.816038
3.901179
4.003492
4.046503
4.176500
4.230348
4.299331
4.394329
4.579574
4.723493
4.854673
5.032365
5.255643
5.493725
5.829633
6.168603
6.447772
6.802006
7.088832
7.425169
7.626423
7.931996
8.324175
8.820428
9.237782
9.572037
10.560833
10.623678
10.779470
11.584772
12.349591
13.523990
14.321920
14.981291
17.425999
18.261847
20.504816
24.057125
22.673864
27.206553
32.028248
32.132824
45.279797
60.056488
58.848835
103.677643
130.386002
227.734436
-3964.880127
-229.737274
8722.052734
-177.336777
-92.642952
-79.970352
-61.104298
-41.681252
-45.015186
-34.594170
-30.933027
-40.363274
-32.236797
-27.238676
-23.879911
-23.990410
-22.051025
-19.142883
-20.299028
-18.407488
-15.502203
-16.500019
-14.600329
-12.749271
-13.376690
-12.009660
-10.899507
-11.328451
-10.095062
-9.166185
-9.549436
-8.527455
-7.738050
-7.966406
-7.493881
-7.163517
-6.925707
-6.686429
-7.443341
-7.188460
-6.973150
-6.687346
-7.353307
-7.063264
-6.838468
-6.439995
-7.148846
-6.911771
-6.710526
-7.064510
-6.804457
-7.222469
-7.124796
-6.957721
-6.353916
