118.81011436	31.88770594
118.81011296	31.88770536
118.81011290	31.88770633
118.81011284	31.88770731
118.81011035	31.88770722
118.81010996	31.88770807
118.81010957	31.88770927
118.81010916	31.88771026
118.81010875	31.88771129
118.81010920	31.88771221
118.81010890	31.88771324
118.81010902	31.88771437
118.81010878	31.88771546
118.81010856	31.88771656
118.81010833	31.88771766
118.81010810	31.88771876
118.81010787	31.88771986
118.81010717	31.88772076
118.81010689	31.88772186
118.81010662	31.88772295
118.81010665	31.88772412
118.81010718	31.88772511
118.81010709	31.88772626
118.81010700	31.88772740
118.81010692	31.88772854
118.81010684	31.88772969
118.81010678	31.88773084
118.81010580	31.88773128
118.81010569	31.88773247
118.81010555	31.88773357
118.81010550	31.88773478
118.81010541	31.88773590
118.81010505	31.88773708
118.81010495	31.88773819
118.81010487	31.88773931
118.81010479	31.88774044
118.81010472	31.88774157
118.81010466	31.88774271
118.81010460	31.88774385
118.81010452	31.88774480
118.81010448	31.88774593
118.81010528	31.88774657
118.81010538	31.88774776
118.81010413	31.88774780
118.81010407	31.88774894
118.81010401	31.88775008
118.81010396	31.88775122
118.81010392	31.88775234
118.81010389	31.88775346
118.81010389	31.88775467
118.81010388	31.88775576
118.81010388	31.88775685
118.81010349	31.88775804
118.81010346	31.88775911
118.81010342	31.88776005
118.81010341	31.88776112
118.81010349	31.88776224
118.81010270	31.88776318
118.81010260	31.88776423
118.81010251	31.88776526
118.81010242	31.88776628
118.81010234	31.88776730
118.81010238	31.88776838
118.81010233	31.88776942
118.81010229	31.88777045
118.81010225	31.88777148
118.81010222	31.88777249
118.81010189	31.88777369
118.81010183	31.88777472
118.81010179	31.88777574
118.81010173	31.88777675
118.81010169	31.88777775
118.81010165	31.88777874
118.81010161	31.88777972
118.81010159	31.88778069
118.81010157	31.88778165
118.81010154	31.88778259
118.81010106	31.88778389
118.81010100	31.88778490
118.81010079	31.88778579
118.81010073	31.88778681
118.81010058	31.88778802
118.81010052	31.88778904
118.81010046	31.88779006
118.81010027	31.88779119
118.81010020	31.88779222
118.81010014	31.88779323
118.81009995	31.88779432
118.81009988	31.88779533
118.81009982	31.88779633
118.81009975	31.88779732
118.81009969	31.88779829
118.81009963	31.88779925
118.81009957	31.88780020
118.81009952	31.88780113
118.81009947	31.88780205
118.81009943	31.88780297
118.81009915	31.88780475
118.81009909	31.88780574
118.81009902	31.88780671
118.81009885	31.88780785
118.81009877	31.88780886
118.81009871	31.88780985
118.81009865	31.88781083
118.81009858	31.88781181
118.81009852	31.88781277
118.81009845	31.88781372
118.81009839	31.88781466
118.81009833	31.88781559
118.81009828	31.88781650
118.81009820	31.88781770
118.81009812	31.88781889
118.81009805	31.88782005
118.81009798	31.88782116
118.81009791	31.88782225
118.81009784	31.88782331
118.81009778	31.88782436
118.81009772	31.88782539
118.81009767	31.88782636
118.81009762	31.88782732
118.81009758	31.88782825
118.81009753	31.88782915
118.81009747	31.88783024
118.81009742	31.88783128
118.81009737	31.88783227
118.81009733	31.88783321
118.81009729	31.88783411
118.81009726	31.88783512
118.81009656	31.88784759
118.81009651	31.88784857
118.81009647	31.88784954
118.81009643	31.88785049
118.81009640	31.88785143
118.81009635	31.88785267
118.81009631	31.88785360
118.81009627	31.88785451
118.81009624	31.88785541
118.81009619	31.88785660
118.81009614	31.88785778
118.81009609	31.88785893
118.81009605	31.88786006
118.81009600	31.88786117
118.81009596	31.88786225
118.81009592	31.88786331
118.81009588	31.88786434
118.81009581	31.88786587
118.81009576	31.88786686
118.81009572	31.88786783
118.81009568	31.88786877
118.81009564	31.88786968
118.81009559	31.88787078
118.81009535	31.88787935
118.81009532	31.88788031
118.81009529	31.88788127
118.81009526	31.88788222
118.81009523	31.88788316
118.81009519	31.88788410
118.81009516	31.88788503
118.81009513	31.88788595
118.81009510	31.88788686
118.81009507	31.88788777
118.81009502	31.88788896
118.81009497	31.88789013
118.81009531	31.88789334
118.81009530	31.88789436
118.81009528	31.88789536
118.81009527	31.88789635
118.81009526	31.88789735
118.81009524	31.88789833
118.81009519	31.88790028
118.81009517	31.88790125
118.81009515	31.88790219
118.81009511	31.88790375
118.81009508	31.88790468
118.81009502	31.88790653
118.81009499	31.88790744
118.81009487	31.88791038
118.81009478	31.88791173
118.81009464	31.88791301
118.81009450	31.88791403
118.81009433	31.88791505
118.81009413	31.88791609
118.81009513	31.88792152
118.81009517	31.88792282
118.81009501	31.88792414
118.81009472	31.88792621
118.81009457	31.88792722
118.81009441	31.88792822
118.81009423	31.88792922
118.81009406	31.88793020
118.81009389	31.88793117
118.81009371	31.88793211
118.81009354	31.88793301
118.81009337	31.88793392
118.81009320	31.88793484
118.81009303	31.88793577
118.81009286	31.88793669
118.81009269	31.88793762
118.81009253	31.88793854
118.81009271	31.88794016
118.81009257	31.88794115
118.81009244	31.88794212
118.81009229	31.88794310
118.81009250	31.88794455
118.81009239	31.88794556
118.81009229	31.88794657
118.81009218	31.88794757
118.81009208	31.88794856
118.81009196	31.88794955
118.81009184	31.88795054
118.81009172	31.88795152
118.81009161	31.88795250
118.81009149	31.88795347
118.81009136	31.88795444
118.81009123	31.88795540
118.81009110	31.88795636
118.81009097	31.88795730
118.81009084	31.88795824
118.81009071	31.88795917
118.81009057	31.88796009
118.81009043	31.88796101
118.81009029	31.88796192
118.81009014	31.88796284
118.81009000	31.88796373
118.81008985	31.88796463
118.81008965	31.88796580
118.81008944	31.88796697
118.81008923	31.88796812
118.81008901	31.88796927
118.81008880	31.88797040
118.81008857	31.88797151
118.81008834	31.88797262
118.81008810	31.88797371
118.81008935	31.88797816
118.81008925	31.88797918
118.81008914	31.88798021
118.81008903	31.88798122
118.81008892	31.88798224
118.81008880	31.88798326
118.81008869	31.88798427
118.81008856	31.88798529
118.81008845	31.88798630
118.81008833	31.88798730
118.81008821	31.88798831
118.81008808	31.88798931
118.81008795	31.88799031
118.81008782	31.88799130
118.81008769	31.88799230
118.81008755	31.88799328
118.81008742	31.88799426
118.81008729	31.88799524
118.81008714	31.88799622
118.81008700	31.88799719
118.81008685	31.88799816
118.81008671	31.88799913
118.81008776	31.88800096
118.81008768	31.88800201
118.81008760	31.88800305
118.81008751	31.88800410
118.81008742	31.88800514
118.81008732	31.88800618
118.81008813	31.88800687
118.81008810	31.88800794
118.81008807	31.88800901
118.81008803	31.88801007
118.81008799	31.88801113
118.81008795	31.88801220
118.81008791	31.88801326
118.81008786	31.88801432
118.81008781	31.88801537
118.81008777	31.88801642
118.81008773	31.88801747
118.81008768	31.88801852
118.81008762	31.88801957
118.81008756	31.88802062
118.81008751	31.88802167
118.81008745	31.88802271
118.81008740	31.88802374
118.81008735	31.88802479
118.81008729	31.88802582
118.81008723	31.88802686
118.81008716	31.88802790
118.81008711	31.88802893
118.81008704	31.88802996
118.81008698	31.88803098
118.81008692	31.88803201
118.81008686	31.88803303
118.81008679	31.88803405
118.81008671	31.88803541
118.81008665	31.88803647
118.81008659	31.88803754
118.81008653	31.88803858
118.81008646	31.88803963
118.81008640	31.88804068
118.81008633	31.88804172
118.81008625	31.88804277
118.81008730	31.88804425
118.81008731	31.88804533
118.81008733	31.88804640
118.81008734	31.88804747
118.81008735	31.88804854
118.81008735	31.88804960
118.81008736	31.88805067
118.81008737	31.88805174
118.81008738	31.88805280
118.81008739	31.88805387
118.81008739	31.88805494
118.81008739	31.88805601
118.81008739	31.88805708
118.81008740	31.88805814
118.81008745	31.88805912
118.81008746	31.88806018
118.81008747	31.88806124
118.81008748	31.88806231
118.81008749	31.88806337
11