41.411766
41.556190
41.333496
41.358566
41.709206
41.181824
40.689594
40.446434
40.412510
41.350239
41.455578
41.256981
41.320335
41.382137
41.430195
40.679382
40.928123
41.508942
42.386303
42.502197
40.984291
42.454197
41.144196
42.146656
42.096615
43.912373
44.297348
44.795872
44.970753
44.761276
44.391376
44.571423
44.958160
45.261856
45.253609
45.140106
44.552906
44.832642
44.861038
44.558762
44.816036
45.006519
44.930470
44.294834
44.345707
44.563774
44.543613
44.290604
44.369110
44.207790
44.157803
44.175709
45.407795
43.973457
43.932281
44.169884
43.956673
44.373707
44.284317
44.134537
44.081882
44.611473
43.849545
43.876198
43.242477
43.518482
43.798096
43.889275
43.753838
43.462593
43.290405
43.142551
43.145470
43.711880
43.335800
43.163464
43.154209
43.486931
43.497292
43.298344
42.987389
43.068401
43.420509
43.498367
43.199577
42.353497
43.082352
43.200443
43.149452
43.109730
43.139160
42.745876
42.992729
43.153343
42.928158
43.061359
42.152538
42.755238
43.401901
43.136688
43.011341
42.233566
42.633541
42.667431
42.698521
43.454800
42.650139
42.456181
42.564327
42.606682
43.083794
42.396473
42.511871
42.803135
41.122086
40.675949
40.764004
41.051395
41.154125
40.995510
40.566597
40.782852
41.290810
41.538502
41.300919
41.883995
41.613743
41.789932
40.933018
41.096260
41.152927
40.766529
40.364098
40.226501
37.588337
36.661064
36.560272
35.550884
33.989250
33.443138
33.959209
32.955990
32.510315
31.924265
30.919476
30.414520
29.661757
29.121981
28.560129
27.882172
27.048090
26.440086
25.995378
25.471952
25.193274
24.774948
24.386679
23.877695
23.303720
22.477293
22.105026
22.025143
21.231119
20.898050
20.570112
20.305819
19.978735
19.345053
19.004868
18.786646
18.543718
18.252398
17.927849
17.797342
17.567822
17.312822
16.824974
16.588091
16.282198
16.063084
16.012169
15.792908
15.438809
15.240608
14.939671
14.905768
14.746923
14.429117
14.431764
14.416263
14.315201
14.210250
13.852211
13.691725
13.570034
13.467106
13.578525
13.497216
13.753955
13.406880
13.234792
13.061832
12.923738
13.167164
13.279551
13.244226
12.993212
12.969448
12.918653
12.603813
12.630668
12.638430
12.387712
12.149303
12.047551
11.943624
11.981664
11.934581
11.655990
11.577094
11.788558
11.656478
11.593246
11.549459
11.553145
11.603363
11.378460
11.621513
11.427515
11.349201
11.556759
11.405928
11.512912
11.479991
11.464225
11.365327
11.206812
10.890665
11.100815
11.082616
11.073357
11.031514
10.981495
10.992398
10.939837
11.121814
11.338658
11.384831
11.300650
11.405276
11.440354
11.048815
10.927609
10.848117
10.802183
11.013772
11.123740
11.153504
11.266185
11.296958
12.456490
12.420332
12.622848
12.683719
12.798223
14.831547
14.943223
15.055141
15.213185
15.397021
15.597413
18.980236
16.584669
17.938629
17.103664
22.584774
22.796844
22.922421
22.779030
22.851059
23.581982
32.332787
31.637650
32.833237
33.961319
33.459282
32.787735
32.242035
63.159790
58.017941
51.748089
49.581833
50.997467
52.522972
116.234940
127.729195
105.984001
115.738373
103.236343
99.407784
95.943062
901.313599
632.048340
529.403503
409.505463
544.596497
214.497025
-256.506744
-236.985641
-211.771835
-178.990265
-181.033432
-189.190308
-196.968140
-81.232872
-89.738365
-98.747574
-83.755867
-83.311829
-89.102966
-52.932316
-54.191437
-55.099163
-56.091431
-52.747932
-55.929665
-55.355362
-38.123886
-37.636738
-37.474861
-39.223347
-40.447334
-42.399082
-32.440189
-31.522823
-30.780125
-30.070583
-29.748140
-28.089045
-24.588188
-25.797407
-24.018599
-24.287378
-23.872765
-24.344355
-23.696108
-20.580671
-20.111504
-21.376612
-20.382553
-19.764605
-19.654516
-17.248123
-17.046431
-16.819132
-16.693699
-16.231974
-16.193792
-14.865110
-14.654884
-14.110452
-13.619166
-13.529084
-12.757459
-13.371929
-13.151581
-13.213335
-13.641353
-13.714843
-13.421203
-12.821063
-12.869560
-12.937776
-12.823333
-12.730195
-12.616543
-12.438604
-12.511025
-12.408223
-12.389725
-12.256343
-12.247690
-12.235900
-12.264294
-12.873166
-12.739511
-12.900898
-12.885739
-12.826983
-12.825223
-12.978002
-13.068337
-12.888789
-13.010716
-13.221497
-13.718702
-15.175513
-15.749135
-15.393186
-14.491501
-14.490758
-14.433959
-14.918673
-15.135500
-15.881872
-15.540677
-15.989151
-16.420860
-16.782236
-16.690168
-17.451242
-18.052986
-16.954926
-18.235788
-18.599272
-19.328016
-20.071339
-21.709204
-19.893198
-19.920290
-20.376152
-20.930777
-21.662573
-22.218466
-26.243488
-24.745146
-24.339661
-24.856152
-26.279823
-27.207312
-29.106224
-25.863832
-24.787764
-24.838049
-25.132210
-25.614140
-23.013071
-22.298904
-23.400455
-23.078661
-23.532091
-21.891033
-22.605881
-22.634024
-22.881779
-25.562149
-23.734203
-23.738104
-23.641407
-24.244123
-25.594934
-25.342823
-25.552578
-25.951693
-28.756351
-30.001783
-31.270420
-29.214830
-29.895369
-30.139025
-31.286482
-32.088223
-26.552858
-26.205313
-26.730249
-27.623245
-28.092274
-28.133007
-26.348429
-25.534683
-24.277229
-25.039562
-25.200172
-23.565283
-21.895193
-21.774597
-21.642557
-21.757689
-21.529812
-22.443619
-22.534042
-24.933187
-26.658360
-25.363071
-25.289474
-23.811882
-24.456528
-25.489227
-25.748215
-26.888918
-27.125273
-26.496525
-28.016079
-27.864601
-30.998112
-33.056496
-29.756344
-28.442940
-27.764791
-27.957825
-30.495470
-27.780827
-27.362524
-27.215694
-27.577272
-26.341354
-27.347013
-24.236292
-24.896799
-25.493387
-24.152147
-24.120277
-24.230572
-24.060555
-23.755713
-23.867435
-24.328081
-22.209724
-22.249029
-21.599045
-19.867195
-19.517290
-19.891218
-20.577520
-22.128286
-21.834539
-20.616261
-21.812180
-24.538176
-24.813154
-24.893940
-25.214411
-26.489248
-27.227087
-28.581566
-29.874268
-30.617331
-33.170498
-35.598053
-31.155790
-32.312233
-32.534916
-33.639183
-35.326756
-30.586536
-30.981789
-30.433783
-32.053341
-34.278759
-30.614765
-29.416573
-29.814674
-27.941021
-29.158186
-30.598597
-31.888514
-34.825756
-35.341026
-34.417961
-31.920748
-33.136757
-32.501122
-33.860092
-35.302803
-32.348602
-31.819851
-32.946701
-34.244305
-34.201462
-34.869164
-32.669533
-32.287731
-32.470493
-33.285229
-34.070656
-37.081226
-40.171318
-34.034939
-34.388313
-35.401432
-35.474922
-35.581509
-38.236328
-39.989193
-34.008007
-34.500225
-34.780033
-35.191761
-35.173145
-32.195423
-33.146393
-32.159988
-32.079601
-34.723225
-35.337917
-35.457901
-36.786537
-37.206219
-36.135056
-34.564060
-35.823666
-34.602749
-34.506393
-36.963604
-34.180584
-30.333681
-37.691780
-33.795135
-33.748322
-33.833298
-31.385649
-31.064184
-39.829926
-38.922276
-38.493183
-51.814857
-56.112198
-57.959877
-46.039848
-42.962261
-48.971470
-39.434566
-45.993164
-47.855984
-47.807346
-44.047180
-45.881985
-44.738766
-49.499134
-44.952957
-42.178352
-42.360138
-48.492641
-44.275127
-42.540386
-49.540375
-47.831676
-46.371796
-49.025303
-46.102009
-49.111572
-51.683796
-50.284588
-51.422871
-50.453178
-53.344173
-46.487980
-46.501450
-49.675781
-41.495304
-43.613403
-48.106209
-44.260216
-46.537338
-49.597549
-51.906734
-51.892601
-45.786209
-60.137428
-59.661587
-75.002716
-124.922676
-142.491440
-164.867065
-187.165359
-269.122894
-174.528717
-159.081528
-406.650513
782.351318
-339.230499
-290.301147
-671.649353
337.634247
-947.249878
-468.732178
-643.687256
-167.245224
-176.228470
-958.117920
-144.941635
-171.874496
-142.044373
-159.283234
-78.147575
-81.967644
-107.190628
-77.117500
-74.295326
-74.360771
-58.279503
-67.720490
-96.306633
-75.573936
-77.798462
-86.951553
-71.960213
-89.205177
-77.335571
-72.907982
-74.236305
-71.691032
-76.705566
-87.561569
-88.863075
-97.736916
-97.738342
-115.590424
-97.454918
-94.548569
-110.453636
-169.771042
-139.367981
-143.658295
-140.428741
-139.165619
-117.461456
-153.718262
-212.300308
-88.146133
-93.153725
-115.157143
-117.675011
-128.816635
-225.302399
-207.887817
-247.009506
-309.416382
-545.371155
-327.487579
-731.047180
-1156.730225
-214.204926
-485.787415
4830.549805
457.418030
-434.549561
-263.429718
-558.851990
-193.968628
-191.454361
-602.472351
-123.655251
-153.629898
-610.186523
-143.742416
-236.043564
-110.672287
-131.615143
-148.612579
-173.415161
-246.404831
-403.775452
-241.314819
-601.465576
-441.558868
-301.221588
-234.214264
-459.331665
-232.933868
-93.515335
-142.311462
-555.728455
-131.078018
-110.005898
-123.323318
-417.069794
415.729553
-216.523163
-380.840240
-4054.385498
-672.099548
-641.855408
-2372.429199
-220.857162
-426.934143
1050.785156
-2057.701172
-4144.108887
-201.182510
-138.224640
-95.229782
-87.707764
-94.637482
-103.484589
-121.459145
-102.649559
-122.456390
-161.630661
-125.303810
-144.877411
-159.566528
-116.932625
-136.713593
-158.276260
-112.870781
-121.718872
-135.307159
-108.481598
-123.883759
-133.841934
-103.712006
-119.619301
-147.262344
-208.469070
-155.294846
-205.036713
-340.463104
-237.076675
-416.979645
-3298.424316
-593.661987
-3262.823486
1560.111816
-955.204529
4885.220703
728.878357
2135.201416
633.401978
364.762604
504.512024
335.384644
3167.400879
1226.111816
399.909760
-1214.668091
664.041138
341.751373
-790.618591
-2247.463135
1376.454224
-269.529633
-410.154663
-409.417084
-237.311462
-379.135712
-2191.819092
-399.992340
-987.778564
4746.362305
-564.015381
-4595.229492
786.080750
-882.588928
-3091.822998
-9166.553711
-498.430817
-1877.150391
1266.479736
390.612305
727.276733
301.629089
181.467560
205.040039
151.327179
122.264969
147.181641
123.459717
99.996254
84.343391
95.045532
80.906586
69.896179
79.354118
69.457031
61.506561
74.613670
66.092842
57.549274
68.110931
60.091724
52.753059
64.373955
55.084236
49.261124
62.506283
54.808323
72.334915
61.569458
51.134823
61.883228
53.530853
45.514343
54.990047
47.565258
43.818726
40.218864
50.974785
45.150040
41.355450
51.328960
47.091640
42.240421
54.561733
48.881546
44.258438
53.899448
47.076626
42.114136
37.754726
45.267262
41.230900
38.176849
48.622189
44.093540
40.529369
50.723309
46.460960
40.771294
48.242676
41.850777
36.442760
40.682743
36.391941
32.700665
35.317444
31.509954
28.538132
32.003326
29.629826
27.226835
30.818670
28.473219
26.539957
29.771183
28.105965
26.453489
29.348606
27.568024
25.825985
28.607937
26.662243
25.101318
28.156466
26.483095
25.154776
23.620050
26.247025
24.559202
23.196850
26.378489
25.396408
23.885693
22.409685
25.456804
23.639816
21.953489
24.734430
22.972338
21.589115
24.318937
22.812204
21.046598
19.582016
21.347485
19.928524
18.626959
20.763060
19.317905
18.184120
19.901451
18.579897
17.391365
18.750324
17.704868
16.874208
18.707352
17.779678
16.661287
15.547389
17.158667
15.867980
14.915954
16.261669
15.118824
14.143813
15.181628
13.986285
12.986577
13.821235
12.742973
11.801436
11.030738
11.584240
10.732635
9.924988
10.329576
9.465044
8.617001
8.669495
7.707960
6.966703
6.414389
6.564778
6.148086
5.808435
5.510989
5.793281
5.553791
5.339043
5.138302
4.952607
5.248600
5.061203
4.922949
4.764601
5.067935
4.913948
4.783309
4.651860
4.990296
4.863381
4.744263
5.132809
5.015314
4.915108
5.343573
5.270306
5.208228
5.146139
5.656164
5.606091
5.561361
6.140856
6.122163
6.154197
6.912683
6.947264
6.975141
7.903306
7.952085
8.023814
9.188768
9.241280
9.279510
10.800134
10.902385
10.833564
12.764349
12.893075
13.086481
13.273000
16.257446
16.599483
17.010382
21.010380
21.695059
22.238123
27.929050
28.667013
29.587580
37.804367
38.810204
39.669983
53.816692
55.044453
58.704586
94.773140
97.797920
99.281532
95.369446
238.166794
203.662445
189.066071
-772.939514
-929.937012
2908.135010
-135.408478
-148.961823
-66.181854
-70.850609
-74.610809
-45.033634
-45.605354
-45.456497
-33.715694
-33.339577
-33.386993
-27.782982
-27.307907
-27.173122
-23.871540
-23.408478
-22.521324
-19.656668
-19.030128
-18.564394
-16.416349
-15.918573
-15.552649
-14.300549
-13.840158
-13.443689
-12.943254
-12.499475
-12.070228
-11.632426
-11.064252
-10.590640
-10.063035
-9.717205
-9.102825
-8.399021
-7.895117
-7.349348
-6.861041
-6.429131
-6.249612
-5.945037
-5.682657
-5.451285
-5.453207
-5.278082
-5.106476
-4.948995
-4.789190
-4.844531
-4.719447
-4.609711
-4.493719
-4.597809
-4.494507
-4.404510
-4.536178
-4.459161
-4.389306
-4.534601
-4.479693
-4.417133
-4.605105
-4.574101
-4.557701
-4.799575
-4.790573
-4.808372
-5.129784
-5.179995
-5.256847
-5.694065
-5.819385
-5.936347
-6.466189
-6.608079
-6.747285
-7.396086
-7.558589
-7.719303
-8.452164
-8.674414
-8.895823
-9.731663
-9.997681
-10.357187
-11.524392
-12.004948
-12.576736
-13.114385
-14.602544
-15.492629
-16.727177
-18.902884
-20.772646
-22.738014
-25.444077
-28.251202
-31.889490
-34.790550
-39.256580
-45.824318
-56.145153
-64.601631
-82.661865
-118.301361
-136.231155
-224.926788
-872.857422
-1267.546631
512.220215
217.986404
203.573013
129.714493
91.904266
94.232475
73.969475
61.716831
62.093216
52.653042
46.647369
41.651825
44.974388
40.256752
36.072220
37.425781
33.389011
29.549234
30.809319
27.673862
25.262821
23.124102
24.131084
21.798750
19.684256
19.898697
17.822332
15.999166
16.093969
14.566495
13.050044
11.743570
11.656795
10.374839
9.111137
8.757700
7.814700
7.059697
6.423051
6.340464
5.865342
5.506174
5.208769
4.955875
4.734184
4.879857
4.708648
4.541482
4.382368
4.584873
4.441698
4.299045
4.179531
4.380225
4.266391
4.156421
4.048167
4.288562
4.197306
4.107038
4.024899
4.300890
4.227803
4.162351
4.477746
4.427439
4.376787
4.333459
4.720594
4.682857
4.663805
5.088778
5.084446
5.099463
5.620840
5.646443
5.669850
6.314826
6.378624
6.487622
7.388551
7.501859
7.582646
8.676002
8.785992
8.876516
8.925839
10.371408
10.465729
10.642778
12.636694
12.813901
13.029159
15.797462
16.234064
16.837175
21.440256
22.540047
23.456177
31.834217
33.571301
35.209923
57.437653
63.457443
66.980011
178.850754
225.670120
291.025116
-218.907944
-181.403473
-140.824738
-122.704163
-70.349548
-67.917397
-65.480629
-48.750595
-46.324120
-44.653603
-35.692844
-33.807339
-32.304974
-27.728682
-26.098698
-24.779613
-22.198349
-21.251226
-19.904001
-18.358536
-17.329208
-16.270954
-15.308170
-14.511947
-13.740149
-12.879871
-12.077022
-11.162056
-10.260781
-9.385733
-8.538667
-7.774095
-7.274177
-6.667402
-6.099535
-5.622638
-5.464318
-5.174672
-4.947291
-4.752800
-4.758800
-4.610319
-4.494115
-4.369009
-4.444639
-4.345152
-4.250155
-4.150877
-4.244999
-4.157512
-4.086374
-4.195524
-4.126013
-4.061094
-4.001046
-4.160427
-4.105697
-4.069527
-4.261664
-4.244139
-4.245587
-4.490147
-4.496634
-4.508506
-4.525020
-4.840655
-4.906213
-4.969974
-5.365029
-5.480587
-5.626811
-6.137355
-6.316361
-6.495083
-6.654036
-7.321464
-7.521816
-7.748402
-8.450691
-8.687027
-8.977240
-9.754242
-10.040709
-10.449904
-11.574909
-12.326307
-13.034573
-13.775755
-15.678861
-16.947838
-18.635128
-21.578545
-23.793825
-26.364519
-30.908234
-34.364059
-38.639168
-42.405113
-48.629696
-56.717331
-63.309090
-79.717430
-104.204605
-147.662506
-144.733902
-234.405304
-650.175842
-960.731567
566.235840
229.176208
191.988892
124.424408
92.958817
73.672279
73.058418
61.947540
52.235397
56.043839
51.484283
47.048584
55.765579
51.425705
47.340279
42.981674
48.739101
43.634708
38.689632
43.882301
38.886093
35.393784
39.679543
34.534702
30.127935
32.591675
28.584099
24.829582
26.275249
22.817842
19.751068
19.448679
16.903357
14.541060
13.598531
11.596455
10.450915
9.774525
10.093019
9.760936
9.466474
9.255242
9.803397
9.570596
9.432138
9.219466
9.047981
9.700241
9.454215
9.246239
9.048154
9.561956
9.370789
9.149144
9.469630
9.350197
