19.450207
19.449255
19.192038
19.426558
19.311243
19.506235
19.757038
19.750280
19.385376
19.280008
21.014694
20.537100
20.480801
20.833870
21.074184
20.627800
21.685295
21.912457
20.760849
20.655304
20.551886
20.544189
20.912231
21.113380
21.892920
21.515167
20.861513
21.076458
20.797682
20.655396
20.754337
20.837906
20.918751
20.624659
20.952566
20.687016
20.942085
21.177641
21.374411
21.474798
21.468330
21.371675
20.767143
21.170534
20.906494
20.962606
20.750000
21.178999
20.838015
20.703844
20.483677
19.884636
21.683298
21.809698
21.704500
22.113512
22.422585
22.487907
22.344193
24.131348
24.358398
24.578131
24.433619
24.716753
24.337221
24.941156
23.858524
23.822699
24.905409
24.153664
24.126978
23.659254
24.175705
23.714159
24.079601
24.392841
23.728638
23.940426
24.103161
23.580721
23.896643
23.960573
24.233870
23.858818
23.845160
23.718517
24.049257
24.125774
23.407642
23.256113
23.127295
22.832212
22.471003
22.908401
23.073843
23.073687
22.593943
23.059410
22.928930
22.720318
22.318863
22.671288
23.037460
22.020897
22.384512
22.542330
22.543581
21.626448
21.056202
21.410942
21.113657
20.539337
19.877993
19.498884
19.082502
18.791449
18.243570
17.589050
17.099421
16.607374
16.017447
15.717974
15.239244
16.163708
15.572220
15.143263
14.571212
14.489143
14.142407
14.336299
14.928502
14.471372
13.874077
13.446522
13.456259
13.154901
12.993649
12.691087
12.534615
12.831886
12.711336
12.543447
12.160336
11.659838
11.996858
11.561938
12.057681
12.087596
11.669754
11.282994
11.116770
10.740230
11.448610
11.353381
11.311602
11.169717
10.981240
11.005150
11.676147
11.482150
11.109977
10.930857
11.095228
11.415988
11.690908
11.552542
11.242925
11.304357
11.704525
11.618621
12.559049
12.789995
12.518095
12.865904
12.711757
13.637035
13.603938
13.578244
13.750175
14.252523
14.280499
15.929158
15.674345
15.641970
15.990614
16.352911
18.010475
18.121740
18.508142
18.429672
18.586134
20.749811
21.800415
22.052168
21.587543
22.292521
22.932396
27.341370
27.250669
27.700468
28.253256
30.191437
31.530672
39.926006
41.087376
39.685246
40.392063
41.347816
42.636658
50.687500
52.787731
50.672714
53.390926
55.551102
58.815041
59.693977
60.590919
59.702835
56.579636
60.879265
61.702042
66.124901
68.620537
74.405609
66.479874
63.903805
65.516602
93.566910
96.059311
89.777725
91.629211
90.527901
116.567886
120.453247
155.462387
136.718094
142.966125
162.725891
162.270111
139.734009
140.316177
121.739479
123.179207
129.278015
146.702896
113.680840
111.873116
104.644592
115.087341
106.405457
97.552513
92.449364
86.911224
80.260002
50.346626
50.946663
50.358521
41.428291
45.219261
46.212254
42.404236
39.484951
40.888145
41.421192
39.880821
39.183048
40.832558
38.643257
49.861874
44.573643
42.962826
40.045471
39.277435
41.185284
39.819996
43.260208
45.475800
44.404148
42.122143
36.542641
48.659416
50.165535
47.655170
44.132900
44.282719
42.867252
62.757294
57.368679
54.839951
51.704803
48.448059
48.595058
48.624451
47.252132
50.611732
52.153217
47.383694
47.304077
44.281670
40.932430
41.196823
39.679790
38.873398
38.967934
39.974125
38.119320
39.498825
36.864300
38.137550
35.683918
37.590481
39.767197
35.660492
40.271038
39.236851
41.301216
36.552834
46.332924
41.756218
40.873131
38.293663
37.661491
37.004276
51.080296
48.147221
52.029633
53.022121
54.349171
54.119907
51.958176
53.507484
53.272644
51.877472
56.266056
49.679813
45.114246
45.750698
42.924473
50.887558
46.342735
46.771847
47.024815
49.011356
45.454983
44.337128
49.457523
49.054668
47.115856
43.363201
41.957008
44.722580
47.565464
45.142723
41.412254
46.089146
45.827888
53.310009
48.999779
41.809418
39.368164
38.201210
39.860500
37.854855
38.173882
45.053383
45.058998
42.680599
44.565357
41.949352
44.985229
36.455719
31.987261
42.037544
40.502663
41.289268
38.304913
40.332481
39.918503
37.423347
37.085224
36.604145
35.195305
36.793381
34.774990
34.612167
34.315456
41.052219
41.459633
43.122177
41.440742
39.225071
39.044769
40.786816
45.943851
43.607048
41.611629
41.993210
36.506931
40.894871
40.925892
38.793255
37.193699
34.495102
33.881954
33.716320
34.516464
33.808456
32.406052
30.698307
36.603302
34.875584
35.835835
32.924328
37.700569
36.105961
35.234650
35.894524
37.177338
39.135410
37.361160
37.243069
41.639858
39.289726
35.761440
37.045425
35.473038
40.469082
39.764893
44.571579
38.072895
37.762493
40.760948
37.530277
34.631752
33.809193
37.584496
38.403881
33.531658
33.026867
32.702080
32.864056
32.214264
35.936134
38.041996
36.995026
35.479183
34.961308
35.254055
36.419796
35.644939
39.274952
39.681900
43.582611
44.916451
47.173264
45.963879
43.732933
36.498470
45.924625
46.036407
50.096107
40.628021
34.872169
43.419674
39.448765
34.208305
37.076218
45.463730
49.555004
41.185143
47.079151
45.465534
40.237530
38.012646
44.131672
52.437622
62.848473
60.110863
54.660683
50.685219
48.759514
53.044853
54.732651
55.451744
59.956387
58.149086
54.750706
67.630753
68.763199
71.658989
115.363716
120.505081
101.663544
113.050766
149.530365
135.381927
110.474434
126.175316
93.910454
152.555801
141.674423
125.524040
166.038010
118.275429
110.140945
91.812469
82.876877
83.086891
79.567497
57.542500
56.488892
52.933262
51.787624
46.117817
45.164768
41.480316
38.131207
38.133598
37.560783
38.161060
35.446751
31.114744
33.320408
30.963898
30.255661
27.753080
27.117411
29.152029
27.713631
25.448460
25.011381
24.210400
24.158445
24.219440
24.577600
23.286938
23.482327
23.705605
21.805349
21.503643
21.373631
20.377998
21.446913
20.799803
18.758039
18.090244
17.450056
17.007195
16.501366
17.963587
17.352802
17.002644
18.097221
17.194170
16.521183
17.125542
16.417946
18.158245
17.294647
16.879148
18.043396
16.653234
16.590435
18.379316
15.044241
15.251508
16.819347
16.298105
15.586636
17.571825
17.387819
17.121908
18.699835
17.887342
17.777231
20.397989
19.985350
19.669395
20.947477
20.193079
20.902103
21.858295
22.824524
22.368761
22.034161
23.065500
23.544212
25.061878
25.303928
28.021097
28.810984
28.994371
28.564245
29.855438
30.046282
30.124910
30.781712
31.689486
32.385620
31.663342
32.345684
30.426281
36.380634
37.957893
38.104515
32.158375
32.824245
41.300430
41.528503
38.767864
41.928905
41.544785
39.568253
45.440460
49.395340
46.974537
45.290264
44.577515
42.205193
47.777840
51.382740
53.633694
47.349865
55.023170
54.452312
56.934856
57.261337
68.935799
56.886856
56.722134
76.441345
80.929062
85.865204
140.667282
130.907562
113.624855
149.334518
180.223434
219.777313
219.291092
387.366150
419.148712
477.148346
-2200.478760
-1475.055054
-3797.339111
460.664093
-3495.687256
5481.065918
-498.420502
-425.113861
-454.810150
-740.217651
-235.668152
-279.039551
-366.851929
-294.621582
-207.981857
-296.479584
-345.395020
-352.840607
-191.082001
-167.184479
-119.918892
-85.043427
-89.802452
-87.487839
-117.547989
-111.975204
-111.943527
-122.531326
-107.436012
-109.183563
-86.127846
-73.195793
-60.257332
-65.212021
-76.987167
-70.417511
-60.412533
-64.211823
-60.196796
-51.979301
-65.631493
-64.144257
-60.924263
-70.971664
-80.423546
-63.047230
-59.666519
-57.555908
-52.475338
-46.867344
-48.075436
-49.825890
-45.688515
-51.361271
-56.920921
-50.633415
-48.159649
-46.175377
-42.814987
-36.854225
-35.767204
-35.398861
-33.051476
-30.248390
-28.074024
-24.920599
-23.304987
-21.874809
-19.682238
-17.654192
-16.202757
-14.014913
-12.220172
-11.503119
-12.047245
-11.572311
-11.383295
-12.230352
-12.641626
-12.503500
-12.155183
-12.152924
-12.199389
-12.119349
-12.355734
-13.330779
-13.386983
-13.190205
-14.294350
-14.884033
-14.526533
-16.650270
-16.653000
-16.891655
-20.649525
-20.843637
-21.911667
-24.600721
-26.365547
-28.135483
-29.413494
-30.523199
-40.027798
-43.122597
-41.975533
-57.869556
-76.434616
-70.913483
-110.547134
-132.792725
-162.694992
-181.702347
-176.555069
-207.570480
-515.252869
-365.095154
-1407.179932
-477.078827
-613.915955
-294.553406
-332.511139
-280.279541
-285.599487
-144.068253
-295.361938
-454.719452
-281.130981
-187.974625
-259.750549
-321.322845
-228.893311
-266.741669
-237.936386
-204.862000
-150.249191
-131.870331
-342.134064
-202.390884
-219.039566
-341.254242
-579.782043
-237.101852
427.407623
1115.488281
292.536316
129.854553
140.646500
82.527313
75.175034
59.944115
53.952747
53.729740
59.150581
51.739807
61.775002
68.016174
45.589928
46.261665
40.812561
39.083622
38.065636
37.887596
39.607647
33.986866
30.841318
30.726418
28.146591
27.179567
28.177431
26.550976
26.050838
25.544722
25.359995
25.350754
22.759939
21.940462
22.691263
22.299179
20.808481
18.920385
18.027761
17.709881
17.303476
16.462601
17.126812
16.777256
16.328329
15.479685
15.340216
14.429654
14.362272
14.026444
13.758830
13.878837
13.102149
12.823094
12.904107
12.301243
11.386541
11.657912
11.153144
10.514479
10.465154
9.871390
9.261226
9.215599
8.661534
7.873362
7.848705
7.401514
7.144090
7.492193
7.455631
8.325456
8.173922
8.988073
8.986004
8.916068
8.768250
9.696708
9.532517
9.516344
10.525609
10.289800
10.587807
11.304094
11.699323
11.915078
12.373551
12.905923
15.304628
16.359009
18.588352
18.621519
20.697002
22.100668
24.173615
28.084539
33.120949
37.961262
50.609001
51.639465
55.111328
76.965805
85.074982
78.125183
78.347992
93.235626
108.223244
139.018280
190.924942
147.010269
232.961136
271.757019
164.695984
161.014450
148.507675
199.019196
221.989349
247.765015
101.598457
130.771835
148.194183
139.793304
166.627304
191.993790
217.223358
157.823090
185.203735
646.446533
283.792572
482.743958
156.337982
311.530609
273.142242
8162.229980
-9651.365234
-1717.554443
-428.583099
-647.419617
146.461533
170.579926
134.114288
134.552155
250.346817
398.397797
105.444893
104.405045
118.456642
109.241188
103.534401
139.964371
197.292358
115.551559
109.972687
12.498446
12.259177
11.730444
11.242647
11.309426
10.621178
11.004043
10.782754
10.663654
10.156276
9.908813
10.095609
9.753804
9.861732
9.549195
9.993626
9.640553
9.497324
9.863972
9.711602
10.299186
9.774049
9.593758
10.355144
10.199263
9.910059
10.477533
10.133307
10.068430
11.152726
10.654724
10.477230
11.644770
11.431341
11.300831
12.101771
11.962148
12.864155
12.292879
11.768250
12.043862
11.912160
12.210658
13.080977
13.031746
12.600328
13.199366
13.192720
13.804010
13.354026
13.268097
15.062405
14.675887
14.987738
15.042584
14.896196
15.086566
15.026681
14.994567
15.418882
15.779698
15.939427
14.831303
15.617959
15.345853
16.386635
16.731028
18.304049
19.224689
18.902225
19.700640
22.564728
24.269203
24.514200
28.313053
28.302946
31.293798
37.684975
40.254250
41.479431
44.050732
49.859039
64.091446
73.119247
68.935562
261.097992
992.753662
-1587.962769
357.714722
1674.939209
5373.039551
-476.677856
-102.228531
-68.668396
-64.160919
-72.195763
-56.715401
-44.916451
-41.474884
-44.768223
-39.164646
-35.123253
-45.276867
-37.464153
-33.126930
-41.488659
-38.830269
-31.598013
-35.684650
-31.657536
-28.153051
-42.665394
-38.594311
-35.230740
-30.057678
-32.082153
-28.122190
-26.089140
-28.007196
-24.197462
-22.017605
-22.142323
-20.529406
-17.977875
-18.250179
-15.931650
-14.046260
-14.236498
-12.844872
-11.382341
-10.470465
-9.499996
-9.155718
-8.798768
-9.089629
-8.962584
-8.663471
-8.415574
-8.029065
-8.372999
-8.216427
-8.055010
-8.161964
-7.619863
-7.269033
-7.324185
-7.496998
-7.559208
-7.424465
-7.899800
-7.716781
-7.339286
-7.848257
-7.511765
-7.864047
-7.639062
-7.602590
-7.963303
-7.942204
-7.796008
-8.505132
-8.515136
-8.235126
-9.557442
-9.871691
-9.684150
-11.280789
-11.073514
-11.006047
-13.457778
-13.208475
-16.887480
-17.266619
-18.399204
-22.853903
-22.775909
-22.625090
-29.066477
-30.240692
-34.346191
-76.463753
-84.036087
-74.839493
-452.642395
8489.190430
258.229706
107.409798
115.221725
53.233269
52.496971
51.307003
30.472368
29.098251
28.355949
21.865795
20.210018
19.801451
15.990668
15.804985
14.733095
13.797786
13.338045
12.633134
11.425393
10.761657
10.575237
9.730871
9.081314
8.482697
8.095871
7.326902
6.568291
6.207341
5.721192
5.356498
4.955265
4.620261
4.406260
4.254901
4.039685
3.857435
3.961596
3.838729
3.689132
3.773298
3.635910
3.554987
3.456078
3.586258
3.471439
3.376148
3.453797
3.406460
3.356709
3.273812
3.470564
3.403202
3.371303
3.615838
3.577953
3.544553
3.795194
3.777980
3.774590
3.795136
4.102538
4.101872
4.128425
4.313297
4.357009
4.370776
4.419214
4.839067
4.965971
5.441014
5.677958
5.756814
6.551822
6.823776
6.808817
7.761120
8.082036
8.123361
9.150851
9.204816
9.573641
10.054081
10.976499
11.596339
12.039281
13.722533
14.092628
15.021086
17.392553
19.064169
20.755703
23.713156
23.936172
24.264214
24.556744
23.068544
25.259657
27.592171
34.782707
40.816902
47.154644
63.642998
78.125038
105.690750
107.877190
198.368011
313.463287
380.663574
-658.882996
-209.101303
-91.651405
-92.276573
-80.894760
-61.508369
-82.122543
-63.198097
-49.122456
-45.781647
-40.055626
-34.701073
-31.907881
-30.722467
-29.298334
-27.307964
-26.059877
-23.745964
-22.044048
-20.626883
-18.504177
-17.595102
-18.239027
-16.751780
-17.296215
-16.388420
-14.650555
-14.589879
-13.201159
-12.187623
-12.212217
-10.969305
-10.122160
-9.975052
-9.281598
-8.172065
-7.968468
-6.970575
-6.835404
-6.394372
-5.819266
-5.361153
-4.880507
-4.943019
-4.651843
-4.409894
-4.406373
-4.179978
-4.015974
-4.161503
-4.024629
-3.886328
-4.020477
-3.914772
-3.808143
-3.680855
-3.740242
-3.661402
-3.538092
-3.739033
-3.653665
-3.941526
-3.851038
-3.765980
-4.146224
-4.088414
-3.972449
-4.226780
-4.161219
-4.564855
-4.499614
-4.464093
-4.769812
-4.771283
-4.751753
-5.197879
-5.181318
-5.781245
-5.662394
-5.772543
-6.563741
-6.421284
-6.700563
-7.147635
-7.374214
-7.501950
