118.81053999	31.88686811
118.81054021	31.88686926
118.81053981	31.88687063
118.81053967	31.88687183
118.81053951	31.88687284
118.81053922	31.88687404
118.81053884	31.88687544
118.81053872	31.88687684
118.81053871	31.88687820
118.81053863	31.88687943
118.81053850	31.88688083
118.81053838	31.88688217
118.81053854	31.88688353
118.81053840	31.88688498
118.81053838	31.88688635
118.81053859	31.88688778
118.81053851	31.88688955
118.81053831	31.88689083
118.81053819	31.88689240
118.81053793	31.88689382
118.81053782	31.88689530
118.81053764	31.88689652
118.81053773	31.88689748
118.81053750	31.88689875
118.81053717	31.88690009
118.81053720	31.88690101
118.81053697	31.88690240
118.81053699	31.88690372
118.81053679	31.88690514
118.81053682	31.88690639
118.81053671	31.88690767
118.81053670	31.88690895
118.81053679	31.88691040
118.81053697	31.88691173
118.81053702	31.88691286
118.81053688	31.88691396
118.81053682	31.88691527
118.81053660	31.88691660
118.81053660	31.88691800
118.81053644	31.88691935
118.81053634	31.88692086
118.81053625	31.88692246
118.81053620	31.88692382
118.81053591	31.88692540
118.81053582	31.88692687
118.81053578	31.88692830
118.81053552	31.88692965
118.81053533	31.88693102
118.81053529	31.88693238
118.81053510	31.88693379
118.81053499	31.88693511
118.81053496	31.88693674
118.81053500	31.88693809
118.81053462	31.88693950
118.81053478	31.88694104
118.81053463	31.88694235
118.81053459	31.88694369
118.81053437	31.88694516
118.81053425	31.88694658
118.81053408	31.88694802
118.81053399	31.88694944
118.81053363	31.88695097
118.81053356	31.88695241
118.81053350	31.88695385
118.81053326	31.88695520
118.81053319	31.88695669
118.81053310	31.88695811
118.81053290	31.88695958
118.81053276	31.88696101
118.81053260	31.88696244
118.81053250	31.88696392
118.81053241	31.88696522
118.81053218	31.88696667
118.81053202	31.88696816
118.81053199	31.88696967
118.81053196	31.88697101
118.81053177	31.88697245
118.81053151	31.88697394
118.81053133	31.88697552
118.81053124	31.88697686
118.81053115	31.88697835
118.81053084	31.88697960
118.81053097	31.88698096
118.81053058	31.88698244
118.81053021	31.88698370
118.81053003	31.88698530
118.81052989	31.88698674
118.81052980	31.88698819
118.81052964	31.88698962
118.81052950	31.88699104
118.81052943	31.88699248
118.81052931	31.88699393
118.81052919	31.88699535
118.81052908	31.88699675
118.81052895	31.88699818
118.81052884	31.88699961
118.81052876	31.88700089
118.81052867	31.88700221
118.81052863	31.88700354
118.81052854	31.88700496
118.81052845	31.88700638
118.81052831	31.88700782
118.81052819	31.88700927
118.81052809	31.88701070
118.81052799	31.88701217
118.81052790	31.88701364
118.81052780	31.88701509
118.81052773	31.88701652
118.81052763	31.88701797
118.81052753	31.88701939
118.81052744	31.88702081
118.81052736	31.88702220
118.81052731	31.88702362
118.81052719	31.88702504
118.81052708	31.88702646
118.81052699	31.88702785
118.81052688	31.88702922
118.81052677	31.88703057
118.81052668	31.88703193
118.81052660	31.88703332
118.81052653	31.88703471
118.81052636	31.88703609
118.81052618	31.88703750
118.81052594	31.88703898
118.81052579	31.88704046
118.81052571	31.88704192
118.81052562	31.88704337
118.81052557	31.88704477
118.81052548	31.88704615
118.81052539	31.88704754
118.81052526	31.88704893
118.81052517	31.88705029
118.81052510	31.88705170
118.81052501	31.88705315
118.81052492	31.88705459
118.81052489	31.88705605
118.81052482	31.88705749
118.81052477	31.88705889
118.81052463	31.88706030
118.81052453	31.88706173
118.81052437	31.88706310
118.81052422	31.88706447
118.81052404	31.88706587
118.81052381	31.88706730
118.81052364	31.88706872
118.81052353	31.88707012
118.81052345	31.88707148
118.81052337	31.88707283
118.81052323	31.88707422
118.81052304	31.88707561
118.81052284	31.88707697
118.81052268	31.88707834
118.81052253	31.88707973
118.81052238	31.88708117
118.81052222	31.88708258
118.81052203	31.88708401
118.81052186	31.88708537
118.81052165	31.88708674
118.81052145	31.88708810
118.81052133	31.88708944
118.81052126	31.88709075
118.81052121	31.88709201
118.81052114	31.88709332
118.81052106	31.88709468
118.81052093	31.88709605
118.81052088	31.88709741
118.81052084	31.88709878
118.81052079	31.88710020
118.81052078	31.88710166
118.81052069	31.88710308
118.81052062	31.88710451
118.81052055	31.88710591
118.81052042	31.88710729
118.81052035	31.88710864
118.81052024	31.88711002
118.81052012	31.88711140
118.81051999	31.88711278
118.81051980	31.88711420
118.81051965	31.88711565
118.81051948	31.88711716
118.81051934	31.88711863
118.81051923	31.88712004
118.81051911	31.88712143
118.81051901	31.88712281
118.81051885	31.88712422
118.81051874	31.88712560
118.81051866	31.88712700
118.81051857	31.88712839
118.81051850	31.88712981
118.81051837	31.88713125
118.81051823	31.88713267
118.81051809	31.88713407
118.81051795	31.88713545
118.81051784	31.88713686
118.81051770	31.88713830
118.81051758	31.88713969
118.81051752	31.88714104
118.81051750	31.88714243
118.81051745	31.88714385
118.81051742	31.88714530
118.81051735	31.88714671
118.81051726	31.88714817
118.81051717	31.88714957
118.81051710	31.88715101
118.81051698	31.88715242
118.81051684	31.88715386
118.81051676	31.88715526
118.81051665	31.88715665
118.81051659	31.88715808
118.81051651	31.88715954
118.81051647	31.88716099
118.81051642	31.88716243
118.81051636	31.88716387
118.81051630	31.88716528
118.81051615	31.88716673
118.81051599	31.88716810
118.81051582	31.88716945
118.81051566	31.88717083
118.81051552	31.88717223
118.81051536	31.88717366
118.81051527	31.88717507
118.81051518	31.88717648
118.81051516	31.88717791
118.81051514	31.88717940
118.81051508	31.88718083
118.81051499	31.88718221
118.81051493	31.88718362
118.81051485	31.88718504
118.81051478	31.88718649
118.81051467	31.88718791
118.81051458	31.88718934
118.81051446	31.88719079
118.81051439	31.88719222
118.81051433	31.88719365
118.81051422	31.88719506
118.81051410	31.88719646
118.81051405	31.88719788
118.81051396	31.88719931
118.81051386	31.88720076
118.81051373	31.88720222
118.81051360	31.88720366
118.81051346	31.88720511
118.81051335	31.88720653
118.81051327	31.88720792
118.81051318	31.88720933
118.81051312	31.88721072
118.81051308	31.88721215
118.81051307	31.88721359
118.81051302	31.88721505
118.81051297	31.88721651
118.81051291	31.88721792
118.81051286	31.88721933
118.81051281	31.88722070
118.81051271	31.88722210
118.81051258	31.88722351
118.81051245	31.88722491
118.81051230	31.88722631
118.81051215	31.88722772
118.81051199	31.88722915
118.81051182	31.88723056
118.81051164	31.88723195
118.81051148	31.88723337
118.81051134	31.88723478
118.81051120	31.88723617
118.81051108	31.88723755
118.81051096	31.88723893
118.81051088	31.88724032
118.81051076	31.88724171
118.81051063	31.88724310
118.81051050	31.88724450
118.81051041	31.88724593
118.81051034	31.88724735
118.81051028	31.88724874
118.81051018	31.88725015
118.81051009	31.88725156
118.81051000	31.88725292
118.81050990	31.88725432
118.81050973	31.88725564
118.81050951	31.88725700
118.81050933	31.88725841
118.81050920	31.88725981
118.81050907	31.88726122
118.81050897	31.88726256
118.81050886	31.88726391
118.81050881	31.88726525
118.81050872	31.88726660
118.81050860	31.88726798
118.81050860	31.88726936
118.81050861	31.88727079
118.81050864	31.88727219
118.81050864	31.88727359
118.81050856	31.88727498
118.81050854	31.88727633
118.81050848	31.88727771
118.81050837	31.88727907
118.81050828	31.88728042
118.81050818	31.88728179
118.81050808	31.88728314
118.81050802	31.88728451
118.81050792	31.88728593
118.81050781	31.88728737
118.81050768	31.88728881
118.81050750	31.88729028
118.81050735	31.88729174
118.81050722	31.88729319
118.81050707	31.88729466
118.81050703	31.88729610
118.81050699	31.88729753
118.81050695	31.88729893
118.81050688	31.88730036
118.81050678	31.88730181
118.81050667	31.88730324
118.81050657	31.88730463
118.81050646	31.88730601
118.81050636	31.88730743
118.81050623	31.88730884
118.81050611	31.88731028
118.81050604	31.88731170
118.81050593	31.88731310
118.81050579	31.88731455
118.81050565	31.88731600
118.81050555	31.88731747
118.81050545	31.88731892
118.81050536	31.88732037
118.81050526	31.88732189
118.81050516	31.88732330
118.81050510	31.88732469
118.81050501	31.88732612
118.81050491	31.88732755
118.81050484	31.88732899
118.81050475	31.88733038
118.81050469	31.88733173
118.81050460	31.88733277
118.81050452	31.88733376
