24.667196
24.694063
24.717928
24.753725
24.763336
24.746693
24.717966
24.693375
24.663141
24.683197
24.699360
24.707687
24.725124
24.741505
24.706270
24.664267
24.639116
24.600180
24.562399
24.514008
24.471861
24.451040
24.438555
24.480961
24.474070
24.508739
24.541201
24.608103
24.692141
24.825912
24.963507
25.096668
25.206161
25.261236
25.267204
25.235542
25.097485
24.811319
24.425274
23.945850
23.399597
22.884993
22.213430
21.632746
21.112764
20.660425
20.238979
19.755796
19.368763
18.979824
18.685854
18.346277
18.086102
17.879850
17.638084
17.450085
17.313257
17.274197
17.219877
17.169558
17.065012
17.097738
17.118841
17.143536
17.157776
17.224941
17.290592
17.377743
17.529716
17.651821
17.788696
17.957214
18.086285
18.324213
18.581095
18.902466
19.196966
19.518286
19.842674
20.051828
20.276653
20.562157
20.927279
21.541744
22.004015
22.496899
23.195862
23.771233
24.526348
25.194233
26.157444
27.170725
27.932676
28.818859
29.762888
30.646643
31.353125
32.026211
32.847748
33.986145
35.177334
35.632217
36.933590
38.139523
39.846516
41.128185
43.748768
46.945950
48.522388
52.245617
54.293324
57.308266
62.017792
66.684349
70.701736
78.259430
87.069733
99.757660
122.984535
170.181442
278.538452
984.976318
-684.686768
-222.362534
-105.702049
-80.719727
-229.379395
-150.805496
-106.221535
-135.610321
-101.783806
-75.822182
-89.042755
-74.507278
-125.672813
-93.812485
-75.897385
-170.567871
-122.417305
-89.026680
-112.680382
-86.371559
-70.638336
-72.520355
-62.620232
-55.471478
-62.971451
-55.849251
-49.752998
-61.037777
-54.509800
-50.005463
-59.045998
-51.496773
-44.390713
-38.221584
-34.530315
-30.140064
-33.305557
-29.137697
-25.836313
-26.369303
-23.956713
-21.396336
-19.376278
-18.337456
-16.743589
-15.268222
-16.384783
-14.848672
-13.555822
-12.300481
-12.975446
-11.814843
-10.728455
-9.788230
-10.162721
-9.213291
-8.289867
-7.400469
-7.784003
-7.334562
-6.973963
-6.705386
-7.235868
-7.053184
-6.879050
-6.683344
-6.493581
-6.976779
-6.779920
-6.574599
-6.383971
-6.526815
-6.343029
-6.899831
-6.702260
-6.525424
-6.358610
-7.039137
-6.837669
-6.633409
-6.826301
-6.651638
-7.348287
-7.194616
-7.018470
-7.528213
-7.398282
-7.247288
-8.128430
-8.026122
-7.922744
-8.607465
-8.522369
-8.402944
-9.395825
-9.405787
-9.333127
-10.394510
-10.431541
-10.440382
-11.713606
-11.733883
-11.782120
-12.849899
-12.870790
-12.901503
-14.647561
-14.675460
-14.687321
-17.634979
-17.744255
-21.960625
-22.108170
-21.934847
-31.185076
-31.517776
-32.122543
-45.372181
-46.170376
-48.919239
-110.490211
-134.209671
-171.166916
311.046265
334.915527
327.563049
371.858002
90.035461
101.744423
106.885742
62.502697
65.011597
65.519997
36.937691
37.331337
36.626102
29.108074
28.193373
27.389435
26.968100
23.758064
23.080032
22.203413
18.076672
17.427465
16.721937
14.608145
13.932552
13.024831
11.921732
11.132545
10.367215
9.108092
8.242412
7.746200
7.425661
7.191722
7.019377
7.076068
6.982275
6.883128
6.809089
6.762034
6.704375
6.846480
6.820275
6.760593
6.716267
6.543781
6.471879
6.406369
6.748863
6.696756
6.660345
6.646660
6.693063
6.659612
6.819835
6.828143
6.859252
6.948140
6.991663
7.061817
7.282794
7.343713
7.417607
7.530488
7.713057
7.810380
7.930786
8.250186
8.375463
8.528437
8.544657
8.715756
8.937654
9.493190
9.796288
10.087007
10.429191
11.125360
11.603523
12.101002
12.505557
13.188769
13.718641
14.724009
15.559547
16.472918
17.519274
18.652069
19.899895
20.455423
21.927765
23.788788
25.878063
27.443243
30.688864
34.640263
35.685944
40.280067
47.600761
55.851707
57.229172
71.206619
100.623497
108.356827
146.191025
247.341873
133.698563
204.755859
340.172668
246.136826
626.324951
-1148.233032
-264.793854
-266.765747
-166.247177
-120.429863
-138.108841
-109.120903
-87.667381
-133.932022
-109.722412
-87.276573
-72.992035
-125.367851
-99.371704
-77.009521
-115.133469
-93.773506
-79.683708
-69.185081
-82.217018
-69.257767
-57.838680
-63.127945
-51.723667
-43.930309
-59.623768
-48.944698
-40.409805
-35.917191
-31.118719
-26.619209
-33.064137
-28.654078
-24.756815
-21.620438
-24.934837
-21.498169
-18.905939
-20.170412
-17.621065
-15.381385
-13.500469
-13.249790
-11.301435
-9.908069
-10.021769
-9.221807
-8.595886
-8.071019
-7.600484
-8.000777
-7.605345
-7.246850
-6.912962
-6.582002
-6.953361
-6.659681
-6.376693
-6.127399
-6.447542
-6.199341
-5.935587
-5.730009
-6.082583
-5.870576
-5.670749
-6.054282
-5.869938
-5.727134
-5.577214
-5.998216
-5.867745
-5.755167
-6.256157
-6.163809
-6.111650
-6.718758
-6.641443
-6.569564
-6.539143
-7.144217
-7.070250
-6.964705
-7.677488
-7.640207
-7.543811
-8.284615
-8.196784
-8.138215
-9.127166
-9.045944
-8.935586
-8.821786
-10.048735
-9.998678
-9.968017
-11.666569
-11.617707
-11.549589
-13.744012
-13.868995
-13.961140
-17.175755
-17.396023
-17.624062
-22.703369
-22.893396
-22.916372
-30.675455
-31.241058
-31.778744
-31.802189
-48.658829
-48.779221
-48.429306
-89.838043
-88.881897
-87.313568
-347.846191
-331.986145
-312.950928
-264.452820
233.112808
252.797409
247.965149
85.760612
87.367294
90.709061
56.811836
59.510471
64.395561
45.941223
47.451172
48.762520
50.674458
38.881805
38.790802
39.951000
31.906689
31.801016
32.482960
27.448956
27.532135
28.131573
24.301823
24.054220
23.521101
22.902294
19.895584
19.286587
18.417305
16.465725
15.711303
14.776560
13.338818
12.457850
11.402621
10.297001
9.839072
9.599788
9.198651
9.115366
9.000638
9.027357
8.800702
8.776487
8.751655
8.814626
8.649546
8.695069
8.741940
8.733702
8.769811
8.815680
8.815354
8.971199
9.095342
9.264586
9.556882
9.749631
9.970125
10.177969
10.517254
10.823517
11.150776
11.312125
11.574217
12.048143
12.533516
13.098317
13.397797
13.734784
14.537642
15.108327
16.244854
17.528648
18.526810
20.049629
21.756058
23.078636
25.784935
27.416355
29.344969
30.458229
34.952431
40.408821
47.346882
46.244865
53.080456
58.364052
64.043289
59.594093
65.677063
78.748810
90.094963
106.578812
164.267654
131.633636
206.231339
308.325439
473.010498
290.822113
1207.976440
-616.268494
481.377197
-3479.773438
-313.054565
-1895.406250
-288.669830
-147.845322
-96.647072
-199.963303
-164.403793
-115.236465
-88.456306
-143.808258
-122.435181
-107.880852
-96.905075
-262.439301
-201.465714
-164.375687
-128.137207
-98.430641
-359.037598
-292.549377
-182.644608
-133.516983
-404.326752
-299.344543
-244.941437
-202.556870
-158.238449
-133.707352
-319.426880
-277.274078
-205.084641
-169.802628
-139.170105
-112.612053
-195.201782
-117.208344
-83.038139
-73.199249
-64.541069
-71.361221
-54.568733
-43.325600
-46.366261
-35.184422
-26.695026
-21.202681
-21.419859
-17.775053
-15.031764
-12.902493
-12.993749
-11.605804
-11.062515
-10.515923
-9.682529
-9.051633
-9.519038
-8.898559
-8.335848
-7.849456
-8.270007
-7.840593
-7.449523
-7.096262
-7.595016
-7.249706
-6.934118
-7.445498
-7.162724
-6.887812
-7.444228
-7.300772
-7.193184
-7.085137
-6.954110
-6.837137
-7.522803
-7.407130
-7.293230
-7.183342
-7.085813
-6.992896
-7.757936
-7.569619
-7.474162
-7.384958
-7.283474
-7.196350
-8.035165
-7.950941
-7.867779
-7.796450
-7.737592
-7.661393
-8.486909
-8.430509
-8.356291
-8.288822
-8.204232
-8.141131
-8.079557
-8.908758
-8.832115
-8.769369
-8.700406
-8.641492
-8.597376
-9.471613
-9.406493
-9.377570
-9.319829
-9.264081
-9.201406
-10.333921
-10.319352
-10.312812
-10.294989
-10.306386
-10.278153
-11.778921
-11.802153
-11.814898
-11.794144
-11.800329
-11.807007
-14.021645
-14.063627
-14.077063
-14.078453
-14.151944
-14.171898
-16.641516
-16.743809
-16.829628
-16.907032
-16.996580
-17.144218
-20.671841
-20.909616
-21.045227
-21.291622
-21.538025
-21.726658
-27.571024
-27.765068
-27.894199
-28.110218
-28.369297
-28.514111
-37.524105
-37.910698
-38.236839
-38.508682
-38.537640
-38.322941
-38.683193
-60.699810
-61.806381
-62.948921
-63.156281
-62.772957
-61.025387
-124.797920
-122.165321
-118.127113
-116.806648
-110.840759
-108.394173
-105.119476
-447.284149
-416.922729
-358.639343
-378.780853
-327.998077
205.053375
216.134171
224.320068
226.741364
253.735275
264.796173
96.873871
102.394615
110.354118
111.889763
123.962799
133.790421
138.754242
69.127434
72.513794
75.384285
78.579094
81.987114
79.210800
52.363121
53.348537
55.952271
58.070358
59.782558
62.016640
43.734348
45.015976
46.368202
47.290100
47.931686
48.060890
35.374420
36.120785
36.174828
36.109356
36.400455
36.775913
29.687576
29.542000
29.752066
29.732925
29.617060
29.516788
24.419947
24.149561
23.627356
23.258718
22.936054
22.545376
22.253662
19.596212
19.207882
18.768633
18.243832
17.644262
16.871374
15.276271
14.543894
13.967412
13.404304
12.863088
12.333591
11.812074
11.044979
10.641273
10.265532
9.941550
9.609246
9.305610
9.033366
8.786286
8.573304
8.381334
8.207418
7.998897
7.819727
7.673582
7.549922
7.427049
7.271461
7.151887
7.040490
6.937238
6.842864
6.850101
6.761005
6.660788
6.576635
6.477821
6.424366
6.333313
6.431449
6.406054
6.338677
6.307108
6.260929
6.205289
6.352476
6.318607
6.264618
6.218654
6.202829
6.154986
6.310513
6.272635
6.255196
6.217390
6.184538
6.152452
6.296879
6.260293
6.234312
6.207900
6.176710
6.142519
6.118670
6.273163
6.238564
6.214692
6.199516
6.188910
6.187284
6.359251
6.372883
6.371269
6.380319
6.393056
6.405699
6.606198
6.636071
6.659350
6.700411
6.728112
6.753818
7.034649
7.096701
7.153124
7.229636
7.258611
7.336951
7.400010
7.686930
7.756211
7.794001
7.842376
7.913171
7.973602
8.277826
8.333632
8.415268
8.501156
8.581141
8.662313
9.034059
9.103008
9.202523
9.301339
9.405587
9.513968
10.027634
10.184985
10.330274
10.473096
10.634956
10.862782
11.519209
11.781986
12.131816
12.332219
12.707129
13.060691
13.992315
14.417271
14.881489
15.407146
15.965878
17.145424
18.016056
18.577152
19.358547
20.169552
21.056000
22.285053
23.196735
24.503593
25.736580
27.294825
29.009651
30.984217
33.314209
33.786411
36.252529
39.323372
42.711437
46.401745
51.200203
51.818298
59.003670
64.880325
72.660995
83.143433
96.258827
115.416908
93.748833
108.938515
127.070984
151.394806
185.592819
250.277740
144.671310
174.499924
222.265305
325.296814
551.910278
2812.624756
-858.929749
768.971130
5826.801758
-1292.967163
-493.578094
-327.094177
-221.380997
-817.399353
-424.012939
-280.786987
-218.794876
-241.102737
-189.255081
-337.042603
-251.384506
-201.349030
-182.070694
-159.308929
-147.758545
-265.679077
-226.879257
-193.179489
-164.289597
-132.797302
-121.433945
-104.981873
-145.274628
-124.583748
-110.439224
-100.295601
-90.439445
-82.128593
-76.001343
-97.374992
-88.795639
-83.029518
-76.669609
-70.989525
-66.368919
-83.192276
-75.779434
-67.737381
-61.096123
-56.219784
-51.381775
-47.327625
-54.909554
-50.353554
-46.756821
-43.189713
-39.808155
-37.382244
-46.107613
-42.355850
-39.397575
-35.948467
-33.072392
-30.353609
-35.439240
-32.510853
-29.539820
-26.963140
-24.433762
-22.279024
-20.242517
-22.416668
-20.459084
-18.749779
-17.253683
-15.845180
-14.570650
-13.484190
-14.554699
-13.576976
-12.745850
-12.035184
-11.368855
-10.819175
-10.311332
-9.851075
-9.403468
-10.077394
-9.697619
-9.347781
-9.019665
-8.683933
-8.392694
-8.070772
-7.817234
-8.495054
-8.243443
-8.025535
-7.800454
-7.591177
-7.397359
-7.225781
-7.043368
-7.566227
-7.382881
-7.215393
-7.042330
-6.880488
-6.714211
-6.557272
-7.043178
-6.882735
-6.714919
-6.600939
-6.468725
-6.351534
-6.816744
-6.708263
-6.580206
-6.440850
-6.324377
-6.208693
-6.125927
-6.615514
-6.507597
-6.403901
-6.319597
-6.236099
-6.147289
-6.063420
-6.594397
-6.507231
-6.431105
-6.366880
-6.300101
-6.228389
-6.158376
-6.742043
-6.670645
-6.603016
-6.543009
-6.454618
-6.401033
-7.018621
-6.960277
-6.918279
-6.855998
-6.808803
-6.764428
-7.476519
-7.415292
-7.351678
-7.276890
-7.224319
-7.182435
-7.135216
-7.952120
-7.878683
-7.841063
-7.798542
-7.754202
-7.706095
-8.665177
-8.647549
-8.625395
-8.573629
-8.543281
-8.490598
-9.642212
-9.601237
-9.548031
-9.503268
-9.455782
-9.411436
-9.375711
-10.849527
-10.798737
-10.794850
-10.816220
-10.776516
-10.772063
-12.414775
-12.404647
-12.359945
-12.368001
-12.303328
-12.204721
-14.347233
-14.376049
-14.471836
-14.496922
-14.544127
-14.609045
-17.971708
-18.192863
-18.389814
-18.645075
-18.760731
-18.851686
-24.348577
-24.711718
-25.161497
-25.194672
-25.345184
-25.453474
-25.350883
-33.389137
-34.087288
-34.571362
-34.607700
-33.734653
-33.137753
-48.405624
-47.605263
-47.246548
-46.314548
-45.547569
-44.740993
-76.937584
-74.417313
-71.657997
-70.652344
-70.175415
-67.955467
-182.012680
-163.315567
-158.163147
-148.230286
-135.096970
-130.199524
-124.803551
2183.654785
16682.818359
-1336.773438
-781.238586
-562.533386
-377.971008
165.924149
182.224915
202.314819
227.381027
271.020233
327.613068
98.283638
103.862083
110.662155
111.092949
123.466949
135.298248
73.018478
74.935257
81.017708
87.741066
92.817863
96.542725
58.973785
61.473118
62.972904
64.603271
65.681625
68.264000
48.426147
49.657104
50.399509
51.388794
52.766201
54.570610
43.223320
44.387962
45.256367
46.325542
47.510098
48.977859
41.094704
41.966980
43.972012
44.975609
46.175255
46.140015
47.435051
37.486652
38.474392
37.677208
37.155830
37.152088
36.078918
29.940266
29.301548
28.668013
27.939770
27.259985
26.228477
25.320387
22.462015
22.267891
22.450224
22.644667
22.522144
23.326221
23.722328
22.400114
23.278727
24.012653
24.898163
25.727291
26.982944
28.376642
26.810570
27.833294
29.417820
30.969133
32.631454
34.234962
36.597057
32.092476
34.055485
36.316219
38.836113
42.128246
45.608994
37.817425
40.003307
43.384243
46.782051
51.001179
55.837852
61.861389
47.673660
51.013306
54.453537
59.827110
63.790581
71.882553
51.951492
57.616192
62.551792
68.337128
75.556091
84.272438
57.345493
61.310570
66.838158
73.390266
83.840767
94.671852
62.763592
68.188217
76.000015
84.720139
99.444550
120.203613
144.900528
76.617767
83.958069
93.804192
103.876251
115.478096
133.514175
69.972427
73.256218
76.100029
81.987877
86.389648
91.664436
59.738712
61.549664
65.468987
67.412796
70.909866
70.068420
50.859291
52.412125
54.319336
55.951317
58.084179
60.827679
64.932892
48.458435
49.599598
50.504128
52.291042
55.020298
58.123730
44.816288
44.797276
45.722507
47.256546
48.056404
49.601337
40.429451
40.768818
41.124180
42.021145
43.154800
44.096275
38.045441
38.600033
39.539677
40.302723
41.490154
42.326736
36.201366
36.557198
37.293335
37.953106
38.822083
39.314217
33.562817
33.563034
34.033394
34.368412
34.538151
35.188122
31.495743
32.158993
32.868839
32.867008
33.926537
34.852264
35.495590
32.088383
32.927868
33.732430
34.389332
35.433208
35.926094
32.497612
32.836575
33.209347
33.976879
34.741096
35.075336
32.580570
33.085949
32.884357
33.133255
33.224335
33.358173
29.956163
30.135443
30.039886
30.513247
30.966064
31.623705
29.082554
29.948112
30.526012
30.757462
30.902637
31.537231
32.147308
29.424767
29.651445
30.236679
30.650400
31.138584
31.743326
28.751919
29.063601
28.984795
29.127869
29.481888
29.910419
26.310377
26.439152
26.249041
26.561708
26.669703
27.206236
23.784565
23.783361
23.912226
23.901995
24.023483
24.067066
21.854742
21.980984
22.193027
22.384291
22.438915
22.223356
21.008745
21.277077
21.423485
21.618460
21.829203
22.029999
22.386255
21.181622
21.508190
21.545101
21.884991
22.312872
22.704544
23.338762
22.643589
23.250412
23.789392
24.363832
25.061228
25.701647
24.548344
25.084068
25.681320
26.403011
27.103432
27.898787
27.060246
27.803308
28.766462
29.966925
30.713734
31.346712
29.131357
29.692619
29.967010
30.416183
30.872057
31.426245
28.709677
29.059448
29.237892
29.427519
29.850849
29.999361
29.779711
30.160547
30.187183
30.618931
30.705824
30.979816
30.456919
30.567926
31.019045
31.228168
31.443369
31.690271
31.555340
31.939135
32.152210
32.696163
33.507385
34.867371
35.628250
34.050583
34.719208
35.490612
35.965721
36.435822
37.261139
34.084930
34.568275
35.178848
36.102146
37.039639
37.696030
35.509293
36.544350
37.473343
38.507530
39.679443
36.558392
36.902225
37.316082
37.903500
38.525780
39.457611
40.572041
35.739254
36.670025
37.585197
37.910862
39.215172
40.052826
36.462887
36.871231
37.182526
37.598236
38.165497
34.103432
34.555847
34.959385
35.547565
35.929852
36.566746
33.129868
33.198189
33.611816
33.573471
34.246284
35.126965
32.745636
33.417435
33.822849
34.518253
34.848209
35.707859
32.320271
33.050835
33.583145
34.371670
35.217007
35.805122
36.193939
32.264618
32.929440
33.874676
33.838783
33.797035
34.088570
30.625519
30.748438
31.387486
31.263237
31.484598
31.867365
32.420319
28.245817
28.315399
28.540276
28.470875
28.933853
29.110308
26.442051
26.652546
26.901581
27.028128
27.284023
27.279619
25.309092
25.207335
25.535177
25.764542
26.144270
26.477945
26.801516
24.789019
25.463411
26.181465
26.458673
26.824364
26.964605
26.246454
26.232319
26.468527
26.411587
26.778563
26.784880
27.071089
25.759846
25.649338
25.574789
25.538130
25.785313
25.819777
25.014963
24.966808
25.186632
25.109158
24.980921
25.048967
23.992453
24.044106
24.252758
24.241070
24.198824
24.283649
22.956739
23.300165
23.584738
24.303944
24.570782
24.918053
23.554716
23.964891
24.162489
24.644873
24.896912
25.328335
23.992065
24.164034
24.396431
24.597879
24.757944
24.880367
23.517273
23.771971
23.860003
24.120329
24.135622
24.116467
22.807894
22.910170
22.932077
23.016079
22.891586
22.873793
21.440359
21.510548
21.622675
21.778316
21.994038
22.435928
21.433943
21.488613
21.583321
21.794893
21.889568
22.014534
22.142717
21.693180
21.831718
21.999842
21.936222
22.148117
22.284365
21.410975
21.615719
21.991053
22.554411
23.214773
23.665796
24.039684
22.793800
23.120613
23.579111
23.896973
24.396627
24.787792
23.504259
23.853939
24.385733
24.804415
25.451994
26.299549
27.099609
25.678019
26.250525
26.881956
27.601677
28.614092
29.347513
28.054750
28.766127
29.709249
30.531059
31.480841
32.051086
32.695332
30.754005
31.702206
32.387421
33.359032
34.117886
34.788521
36.061363
32.571865
33.156452
34.072441
34.268089
35.261272
35.804459
32.908142
32.784515
33.760483
34.329540
35.089451
35.934303
32.896458
33.276905
33.957912
34.416145
35.561249
36.079533
33.201950
33.331646
33.618416
33.988804
34.285309
34.767254
34.923218
31.337269
31.999811
32.452484
32.675697
33.444767
33.571465
31.315207
31.631643
32.081512
32.327717
32.747204
32.781338
31.111809
31.398888
32.177132
32.959282
33.688141
34.661800
33.028881
33.233349
33.246407
34.396400
35.220478
35.701103
32.953979
33.562702
34.312901
35.135696
33.482140
34.131622
35.166256
35.825867
36.770802
