968.768127
2326.891113
-5050.497559
-1134.160767
-676.062317
-468.508423
-362.219055
-2244.431152
-969.259827
-621.860962
-456.045532
-357.184021
-292.593628
-247.028397
-217.792175
-192.876556
-171.866730
-153.617432
-272.812378
-235.916977
-208.426086
-184.692596
25.372110
22.107086
24.062435
25.527840
27.003881
28.311689
28.435152
29.411404
30.385803
31.446234
32.545437
33.619156
34.707867
35.165043
33.732868
33.313492
34.061707
32.640465
34.292774
33.938305
32.247746
32.655476
30.779375
29.864891
31.320646
29.471689
29.280001
27.950987
27.011703
26.145195
25.193878
26.883018
27.031958
26.339840
24.306103
23.605448
21.544270
19.511259
17.507109
16.324829
14.685486
13.818578
13.464222
13.024784
13.441326
13.402241
13.379866
12.550289
12.412521
11.420113
11.370113
10.922366
10.627542
10.309268
9.749796
9.643978
9.322271
8.936843
8.769084
8.421953
8.137507
7.454198
7.221354
7.092322
6.964584
6.844172
6.711961
6.370516
6.078930
5.649673
5.346168
5.102080
4.687737
4.523607
5.241305
4.487759
3.772584
3.295678
2.643928
2.205349
1.653978
1.181394
0.730688
0.414046
0.198282
0.084139
0.163446
0.686489
1.298160
2.530881
4.930980
10.151779
25.891510
212.244247
-53.133450
-30.308310
-46.128311
-32.835548
-31.720907
-30.708729
-29.820042
-29.167868
-28.791704
-28.373529
-28.056593
-27.835005
-27.916452
-27.757895
-27.662109
-27.946793
-28.028654
-19.572350
-18.170488
-17.427656
-17.471689
-17.094669
-16.890549
-16.736025
-16.580019
-16.385857
-16.273172
-16.213985
-16.156595
-16.138420
-16.016155
-16.320757
-16.245045
-16.430771
-16.523516
-16.772173
-16.728556
-16.801195
-31.940306
-32.115875
-31.780857
-31.478884
-31.439526
-31.531912
-31.694572
-31.672298
-31.532495
-31.648809
-31.595985
-31.565046
-31.629066
-31.649908
-31.681175
-31.691721
-31.775047
-31.764778
-31.843056
-31.863741
-31.803308
-31.914206
-31.481100
-32.463814
-32.119598
-32.202614
-32.292732
-32.809719
-32.843353
-33.478325
-32.767105
-33.486240
-33.956158
-34.580605
-34.158405
-34.487782
-34.665890
-35.326523
-35.521717
-35.886135
-59.359356
-59.779823
-60.024872
-60.159283
-60.752205
-61.374962
-61.810791
-63.240589
-64.116425
-70.319733
-79.373764
-81.841301
-153.052399
-155.021988
-158.173080
-164.942871
-168.702179
-170.257965
-175.138626
-179.402176
-186.818939
-191.117279
-196.430344
-201.014297
-247.268295
-338.970856
-382.031860
-431.460541
-579.640076
-776.926025
-1774.935669
-5666.081055
-10802.931641
8934.890625
934.806274
474.582214
361.733185
330.780243
302.807861
284.592865
73.819168
73.667229
73.489815
73.410019
73.187447
72.879845
72.968315
69.548439
69.310425
69.321663
69.080307
70.277412
69.994499
70.099365
70.370491
144.904526
176.499161
206.498886
273.624603
47.508137
47.862911
48.192478
48.521858
48.857220
49.168556
49.466194
49.769779
49.827908
50.094296
50.386971
50.680340
50.948914
51.263618
51.494957
51.730423
51.963631
52.141098
52.026699
52.133034
36.474449
35.885960
35.308132
34.803883
31.874331
31.258038
30.689602
30.118664
29.105867
28.496832
28.541862
28.006094
27.472923
26.992437
26.515728
26.040974
25.594694
25.145103
24.824776
24.418213
24.761366
24.312412
23.871965
23.467093
23.058435
22.657663
22.259981
21.865793
21.607403
21.231817
20.876465
20.519226
20.189793
19.870258
25.474440
25.356485
25.224806
25.095917
24.984388
24.858410
24.707397
24.563978
22.871117
22.504330
22.129601
21.733158
21.334932
20.895020
20.592302
20.080400
22.079607
21.313633
20.437590
19.490124
18.169489
17.020508
17.335220
16.307413
15.349425
14.494570
13.554383
12.664694
18.354950
18.087278
14.818510
14.173882
13.535146
12.887886
12.229806
14.913474
14.079998
13.324589
16.492588
15.778904
20.498775
19.579796
18.656389
25.593199
24.352600
8.647062
8.172228
7.731030
7.302087
7.870033
7.437389
8.043468
7.565755
7.098047
8.015246
7.598061
7.450158
7.019729
7.657100
7.173413
6.729069
7.304520
6.852129
7.398688
6.931231
6.479744
6.663612
6.245109
5.840740
5.455404
5.086963
4.911562
4.592820
4.292189
5.107057
4.776630
4.468376
4.167257
4.462960
4.160833
3.875404
4.329369
4.031662
3.740438
4.022772
3.734408
3.462063
3.731007
3.461888
3.772734
3.505470
3.237895
3.494469
3.225473
2.970081
3.186663
2.932024
3.145610
2.895256
3.008485
2.755544
2.927076
2.680319
2.854789
2.610606
2.766774
11.549751
11.207558
10.918648
10.576969
10.238502
9.904014
9.594082
9.227539
9.172360
8.719311
8.281554
9.528791
9.070823
8.666924
5.038652
4.772636
5.945826
5.671311
6.460162
6.225536
5.985704
5.740870
5.462198
5.912909
5.602859
5.280526
5.696887
5.350625
6.349732
6.026910
5.701562
6.190788
5.853137
6.365513
6.007431
5.659618
6.107711
5.726133
7.081948
6.719931
6.357507
6.011634
5.661885
6.162304
5.801997
6.263874
5.863244
6.364912
5.968535
6.473895
6.067037
6.566426
6.136662
6.248996
5.850788
5.445543
5.046751
5.382039
4.977927
5.320064
4.915195
5.245085
4.819972
4.150412
4.333929
3.991192
4.190452
3.850375
4.033977
3.682298
4.565563
4.318008
4.075606
3.839485
3.614399
3.395181
3.181622
2.969197
2.766123
2.569401
2.902760
2.695423
2.876649
2.990091
2.759418
2.855084
2.628943
2.721273
2.868675
2.634879
2.719115
2.493071
2.564717
2.635978
2.407566
2.553470
2.649998
2.805788
2.549476
2.794115
2.528895
2.646733
2.763100
2.489720
2.594197
2.698042
2.422233
2.513935
2.602993
2.687301
2.395482
2.322142
2.445427
2.511978
2.572284
2.635674
2.701303
2.440377
2.491527
2.532875
2.531415
2.557547
2.580892
2.632786
2.666854
2.329749
2.381303
2.407570
2.439024
2.559098
2.678998
2.327407
2.374214
2.412042
2.526432
2.575423
2.629471
2.678590
2.724958
2.767083
2.785591
2.778644
2.766627
2.756502
2.745737
2.739844
2.724529
2.236980
2.187101
2.139578
2.090945
2.204252
2.031953
2.140669
1.973363
2.074654
2.176201
2.009741
2.103519
1.941687
2.036526
1.878789
1.974533
1.820140
1.915854
1.765277
1.857805
1.956983
1.806769
1.907435
1.771129
1.878937
1.750316
1.856249
1.731354
1.832756
1.712507
1.815743
1.697967
1.803833
1.688569
1.795300
1.681142
1.787804
1.674772
1.776648
1.664201
1.767180
1.654573
1.757610
1.645068
1.744529
1.632342
1.729177
1.617365
1.711862
89.689568
89.308952
88.973190
88.626022
88.371361
87.830017
87.622177
87.316704
86.906868
86.563194
86.155945
85.827766
86.266220
88.260391
93.976074
93.640289
93.099579
92.646469
92.382759
91.974701
91.673164
91.205177
92.608749
92.450806
91.707024
91.408745
90.895927
90.448364
90.222679
90.302315
89.871902
89.592949
89.319046
88.988251
88.362801
88.082550
87.741005
87.150505
86.402565
85.766533
85.114670
84.452415
83.747910
83.051636
82.351967
81.683014
80.982895
80.633896
79.930298
79.201187
78.509254
77.744957
77.019844
76.252243
75.463600
74.687660
73.914688
73.979546
73.278915
72.560211
71.811272
71.035027
70.277351
69.491249
68.690147
67.932579
67.188087
67.846970
67.108009
66.356323
89.949615
89.752846
96.314873
96.137619
95.973434
95.759262
95.597664
95.419708
95.204880
94.883858
94.566597
94.232819
93.955132
93.627815
93.254913
92.851364
102.314743
102.386902
102.442078
102.510490
102.605415
102.694328
110.906235
111.537766
112.178192
112.815590
113.493858
114.014030
114.724503
115.401955
116.200775
116.963234
117.686478
118.375137
119.043831
119.727562
120.474709
120.737144
121.434921
122.190689
122.948090
123.700272
124.437462
125.114388
125.862717
126.652939
127.451797
127.264267
127.802887
128.497253
129.237671
129.959183
130.636002
131.261749
131.940155
132.756134
133.646820
132.833313
133.492264
134.154724
134.778564
135.522476
136.044876
136.766327
137.528854
138.191330
138.867630
137.717834
138.343445
139.016586
139.600754
140.122742
140.753296
141.440033
142.024780
142.733337
143.286652
141.819473
142.471558
142.085434
142.718369
143.566132
121.940765
122.199944
122.672691
123.122192
123.528053
123.884613
124.285652
124.818230
125.541924
126.139099
126.578369
126.978470
127.383362
128.204880
128.765671
129.385895
130.130646
130.904556
131.537628
132.305801
133.063110
133.840286
134.592804
135.492096
136.190842
136.443604
137.291580
137.656067
137.469696
138.176010
139.236618
140.318237
140.865982
140.934021
140.666473
140.602722
139.434494
140.402100
140.375183
137.041718
135.473373
139.631378
143.583023
144.820374
144.764786
148.396500
147.648941
152.445084
151.998398
151.809875
152.053497
152.296783
152.441376
153.031738
154.300217
156.160110
157.452225
158.117386
161.366165
157.750809
154.273758
158.154251
160.827499
162.383560
163.276093
164.204193
165.204819
166.306702
167.442047
168.564774
165.053009
165.663483
166.733658
167.785599
168.796539
169.413010
155.794708
146.973770
144.334244
143.776871
135.549316
123.326706
103.093613
76.851189
59.031918
49.385799
43.421902
39.443398
36.431389
32.343296
28.757910
26.376207
24.452688
23.188265
21.689644
19.810322
17.857544
16.379391
15.311416
14.544925
13.920918
13.432517
12.793326
12.091725
11.409160
10.927371
10.560135
10.251220
9.998633
9.823585
9.782058
9.781973
9.816272
11.039092
11.344343
11.317178
11.345434
11.517572
11.833497
12.337439
13.041625
14.030669
15.308578
17.049673
19.124901
21.290987
23.776485
27.897507
34.355278
45.300293
70.486130
156.102493
3537.821777
-200.353439
-89.888519
-55.557003
-39.020733
-30.101946
-25.421766
-22.691296
-20.778294
-19.430992
-18.290459
-16.962393
-15.607877
-14.699718
-14.002500
-13.506351
-13.092377
-12.788852
-12.549485
-12.305880
-11.878016
-11.433516
-11.088753
-10.838675
-10.621210
-10.451948
-10.300404
-10.171987
-10.097900
-9.989206
-9.934438
-9.891817
-9.884775
-9.893251
-9.878822
-9.865532
-9.876896
-9.908011
-9.971354
-10.003864
-10.019586
-10.017730
-10.002646
-9.990930
-10.005106
-9.995248
-9.999090
-10.000423
-9.999266
-10.028237
-10.077581
-10.092135
-10.100025
-10.153862
-10.210341
-10.305489
-10.407736
-10.486297
-10.545119
-10.584787
-10.735875
-10.971075
-11.132947
-11.332857
-11.478188
-11.589883
-11.690472
-11.753507
-11.799611
-11.826778
-11.834870
-11.850902
-11.851898
-11.840279
-11.863801
-11.857802
-11.853747
-11.866531
-11.864595
-11.865563
-11.854403
-11.874269
-11.877929
-11.867108
-11.878531
-11.876093
-11.865129
-11.870934
-11.861628
-11.869246
-11.913004
-11.996800
-12.126406
-12.312517
-12.845667
-13.377480
-13.830739
-14.238479
-14.646837
-14.727113
-14.731586
-14.749665
-14.727816
-14.659178
-14.589432
-14.536447
-14.474146
-14.392838
-14.373851
-14.300081
-14.233996
-14.146143
-14.042123
-13.903578
-13.709025
-13.472181
-13.194691
-12.883986
-12.582038
-12.254564
-11.927538
-11.568665
-11.221669
-10.898759
-10.567924
-10.229233
-9.928374
-9.631104
-9.349064
-9.074414
-8.832726
-8.621353
-8.455500
-8.294596
-8.159914
-8.048882
-7.918252
-7.783402
-7.652308
-7.515160
-7.381709
-7.239833
-7.111444
-6.995852
-6.899558
-6.815505
-6.742244
-6.676819
-6.618730
-6.566776
-6.522138
-6.485210
-6.446000
-6.414199
-6.393756
-6.386599
-6.386951
-6.382081
-6.384211
-6.391014
-6.400489
-6.406775
-6.416543
-6.425370
-6.427503
-6.438390
-6.451496
-6.463194
-6.486143
-6.503981
-6.527859
-6.609502
-6.708865
-6.852906
-7.028199
-7.249848
-7.512859
-7.832959
-8.217591
-8.685509
-9.241557
-9.896853
-10.730118
-11.780901
-13.140064
-14.931312
-16.804829
-18.970297
-21.245190
-23.681858
-26.107790
-28.743443
-31.384436
-34.077148
-36.868252
-39.266594
-41.470642
-43.553417
-45.987602
-51.777637
-62.756374
-74.044525
-94.179245
-147.783951
-277.250427
-1770.688965
627.685608
224.938751
125.770599
88.069641
72.015121
63.596394
56.299561
50.603344
47.468891
44.717705
42.941971
41.548328
40.884678
40.461445
40.540268
41.994110
42.643757
42.886890
43.059746
43.784672
44.218697
44.918877
45.475559
45.412849
46.296059
47.725361
48.523132
48.858784
49.159489
49.349304
49.491558
49.709530
49.497593
49.738392
50.136497
49.946404
50.005260
49.952576
50.109856
49.992413
50.089516
50.217403
50.309475
50.302635
50.448902
50.437363
50.397240
50.279339
50.216885
50.160526
50.104042
50.037754
49.962475
49.895878
49.793701
49.700321
49.380146
49.278419
49.160023
49.027451
47.753132
47.485073
47.212807
47.008602
46.731789
46.447636
45.975601
45.685268
45.414944
45.126019
44.850948
44.554104
44.260746
43.959400
43.664612
43.382324
42.929745
42.664268
42.437412
42.142117
41.847015
41.560349
41.257084
40.956394
40.655449
40.777561
40.424900
40.159126
39.883167
39.615543
39.350502
39.081348
38.816513
38.559200
38.304577
38.622009
38.247189
38.015163
37.776394
37.543491
37.309212
37.079136
42.947899
42.691898
42.448853
42.297707
41.899517
41.663574
41.425884
41.187561
40.946445
40.711098
40.482216
40.257927
40.028984
39.980488
39.604233
39.385265
39.164040
38.948326
38.729408
38.508911
38.289478
38.074615
37.869946
37.952206
37.622036
37.418934
37.237194
37.044296
36.850014
36.661221
36.477467
36.290802
36.095566
36.295998
36.014702
35.853928
45.164043
45.156834
45.145008
45.155556
45.135960
45.115826
45.514244
45.411213
45.114502
45.083088
45.447777
45.303043
45.116341
44.936188
44.729042
44.512901
44.313053
44.143246
43.761097
43.571388
43.389641
43.221535
43.051540
42.887505
42.713791
42.529572
42.351608
42.303875
41.975990
41.806274
41.648479
41.528095
41.408825
41.251404
41.085514
40.922192
40.781929
40.839870
40.562157
40.451717
40.285019
40.182858
40.093815
40.023716
39.897346
39.778225
39.668041
39.797714
39.527046
39.419544
39.317394
39.213223
39.119625
39.017689
38.922680
38.827461
38.737144
38.913422
38.691971
38.615807
38.545258
38.479694
38.412231
38.345245
38.279610
38.213745
38.139339
38.319118
38.141815
38.099823
38.047710
37.997780
37.954929
37.916111
37.872379
37.830902
37.790733
37.955502
37.787617
37.730309
37.696964
37.658176
37.621822
37.589123
37.550949
37.509453
37.476994
37.585934
37.430786
37.405041
37.405575
37.378036
37.348808
37.331314
37.314091
37.285847
37.266338
37.251812
37.230801
37.221573
37.217350
37.219501
37.227821
37.226219
37.220573
37.225449
37.223957
37.217319
37.108406
37.115005
37.119980
37.130207
37.132221
37.142681
37.150928
37.163696
37.175545
37.193916
36.980831
37.006809
37.041851
37.121006
37.155266
37.170090
37.188843
37.191833
37.189663
37.206131
36.915752
36.935249
45.170498
45.175888
45.187141
45.191139
45.183949
45.187584
45.193340
45.204544
